2024-04-12 12:07:55.2643276 -0400 EDT m=+0.003767301
12427
3962
2771
2152
2398
3483
1863
4185
3664
2680
3228
1801
2145
1656
2176
2914
2914
2500
3142
9865
5001
3675
4326
4293
2343
2272
2268
3047
2814
2251
2313
28926
2503
3124
2622
2622
27351
1705
2813
1826
1668
2637
2314
2306
3333
2609
2825
2856
1677
2640
3384
2960
4025
4498
4429
2170
2695
2695
26350
1552
2078
1641
1576
2181
2383
2102
2102
3314
3314
1591
1591
4056
3530
3691
1947
1685
26178
1703
29413
2574
3625
27154
3711
26714
2614
2614
34906
6295
7487
3491
2130
2130
58173
17470
22564
2088
7318
3274
3274
2110
3122
2004
29847
3480
1920
559
2204
28117
2353
2509
2965
1583
29451
2886
1757
1975
1620
3367
2122
3656
4531
4756
32184
2018
1703
1892
1892
2523
1869
2282
1673
1673
2267
1911
1697
2169
31785
2207
3499
2105
2105
2105
2505
1692
2235
161616
2557
2105
1868
1868
2053
2002
2505
2505
2505
2650
2650
1767
1928
1957
1957
27888
2157
1704
1704
2042
2580
2580
2580
2580
29580
1982
1823
1969
2122
2841
2841
2841
2046
2046
1376
1884
831
2016
1817
1817
1851
1807
1807
2138
2138
26173
2053
1910
4664
1578
1828
2058
2564
1885
23139
2644
1670
2393
2478
1715
2059
1798
2682
2682
2014
1635
3272
2702
1789
1924
1924
1838
959
1686
27970
2195
23285
2647
2380
1996
29474
2914
2254
2885
2885
2751
2751
2380
2380
2200
4407
2495
2115
28776
28776
2631
27843
3811
1976
3960
2124
2693
2693
5291
2070
2602
2068
2044
2738
2230
1762
2030
2030
1748
1869
1869
2387
2505
1789
32096
2104
2961
2107
1752
1955
28253
1777
1777
33770
3244
2128
2013
2302
2179
2852
3865
2709
2520
2867
1788
1994
3126
3126
1869
1869
1727
2500
1911
39203
1703
2103
2092
2143
26177
40431
2405
2913
2702
3857
1685
1685
2686
2686
2686
2686
2686
29582
2125
13487
9528
1750
2278
2278
1979
1848
1894
1993
1993
2234
2234
2254
2042
1855
2723
2723
2149
2963
2963
2963
1591
2473
2473
2353
2353
2178
2157
2098
1865
2034
1927
1688
1851
1930
1889
1876
2381
1815
2090
1875
1767
2239
2239
2281
2281
2161
2097
1919
29472
2596
2596
2596
2573
2650
3186
1952
27166
2321
2321
2321
2488
2488
2488
2474
1890
3872
1895
32547
1829
1842
26395
1917
1749
3109
2031
2010
2208
2208
1950
1848
33536
2642
3147
3669
1827
1777
2413
1765
1748
27393
2051
2051
1787
1769
1709
2077
2901
2901
2807
2382
2278
2278
2171
2295
1947
1868
2703
2821
2821
1830
2354
1698
2103
1906
1906
2651
2651
2509
2361
28525
1831
2612
2379
1878
1878
2362
1857
26398
2650
2799
2799
3325
3325
3325
1956
2297
2297
2151
2523
2523
1881
37587
38979
2021
2707
2553
26880
1933
1933
2873
2873
2873
1730
1599
1869
2407
2407
2168
2074
2074
2222
26840
2727
2477
2727
2827
2277
1876
26806
2111
2111
1664
2177
2088
1697
2224
28776
1583
1670
1766
26554
1810
2266
1871
1819
2342
2028
2028
26769
22269
1859
1833
6702
2464
2047
132705
2072
1761
2129
2129
2129
2154
2154
2086
1904
1904
1856
1896
1896
1854
1994
2064
1879
1895
2146
1778
2318
2684
2684
2025
27129
2122
1987
1987
2136
1488
926
2082
1969
1788
1788
1893
28411
2738
2492
2044
2071
3288
3351
3351
2018
3155
3155
2041
1992
2344
2344
3330
3235
3330
1830
1830
1761
1761
1998
2918
3018
2040
2233
1878
1782
2701
3230
3230
3230
3230
2120
2023
1871
31014
2392
1940
2301
2095
2600
1643
2322
2322
1979
2049
2636
2636
1873
1952
2049
2049
2372
25587
1836
2127
2430
2430
2009
2703
2703
2703
2361
2361
2167
25260
26545
1883
1894
2163
2163
2231
1684
2093
28002
2110
3162
1889
2072
2474
2474
2178
3013
3013
3013
1891
2633
2633
2113
25917
2260
3357
2011
2011
29101
2674
2674
2674
2674
3198
2323
22970
26351
1731
2161
2161
126404
3624
2309
1892
2039
2110
1461
2609
1918
1770
2474
2474
1899
3394
3394
1738
1738
1738
27208
974
2098
2106
25205
2304
2401
2304
1819
1840
1840
2177
1901
2104
2155
2767
2666
1764
27024
1853
2291
2291
2114
2003
2202
1782
1704
1791
2319
2146
26772
2955
2955
2955
2133
2400
2516
2270
1338
1883
2113
2113
2149
2209
2142
1981
1981
32822
2229
2229
2229
2071
2068
2078
2587
2587
2502
1858
2219
1783
2122
1876
1702
28979
1641
1876
1641
2129
1936
2014
1875
1985
1985
2493
2493
2241
2532
2611
3062
26831
1801
28300
1772
1963
2603
2439
2183
1995
1912
2892
2892
1631
24983
27316
2194
2194
1842
26943
1889
1889
2390
2390
2390
2390
2341
2400
2927
2927
2927
2927
1593
26682
2417
1367
2204
2097
2266
1674
1842
1959
2606
2606
1907
1907
2298
2083
2084
2084
2075
1507
1690
1890
2061
1854
1919
1950
2465
2465
26274
2511
2511
1845
3263
1830
32498
2567
2567
1981
27444
2226
2226
1954
1732
1732
2003
2489
2489
1813
27778
2992
1928
1739
3058
3058
2590
2590
5261
2116
2308
2308
2943
2771
3449
2218
2671
4053
4053
4053
3042
1042
2304
2176
3146
2050
2050
2151
2239
1939
1939
2128
1556
26774
2023
2236
3472
2949
1961
26344
2359
1749
2082
26873
2187
1707
2092
2597
3149
2297
2278
2269
1920
2204
2534
2393
2393
2393
2448
2289
2304
2695
1980
2179
2153
2153
2168
2168
4289
2039
1725
2597
2597
2656
27363
2001
2001
2140
2045
2414
1640
2080
3185
3736
3607
2211
2762
2455
2455
38451
2035
2877
2877
2877
2884
2947
2606
2606
2201
2067
2067
2040
2122
2421
1870
1951
1749
2001
2034
2034
26296
2146
1001
2509
2509
2139
28180
2232
1944
3487
3487
3487
3487
1898
2064
2064
2273
2123
2336
3114
2077
2544
2353
1948
1948
26018
1967
1967
2569
2569
1705
1794
27493
1773
1773
2203
1941
2341
2341
1810
1810
2056
1830
2635
2635
2635
3157
3157
1823
2512
2512
2512
1999
25736
31134
1926
2110
1839
1995
2013
26641
2946
2498
2498
3002
2127
1890
1831
2356
2356
2356
2460
2233
2064
1772
2086
1886
2589
2589
2668
2031
2031
2255
2255
2243
2243
2104
1538
1826
28119
2087
2619
2432
2941
2567
2567
2674
48338
2341
13340
15350
2561
13923
13923
13453
15138
2549
42376
2788
2628
28595
1561
2111
2627
2139
2139
2247
38199
2424
2424
2111
1685
2165
1898
2371
2079
2001
2623
2623
1993
1993
1601
2459
3080
3291
3080
2231
2152
2204
2204
1676
2009
1887
1887
1942
1942
1855
2392
2014
1982
1982
26817
2091
1755
2331
2239
2530
2612
2347
1956
2058
1829
2214
1936
1936
2419
2419
1980
1864
1452
3442
3442
3442
1766
29037
1758
2253
2280
2152
26090
28370
1796
38008
2522
2522
1902
1833
2152
2152
2152
2152
2085
2012
3977
3977
3906
3977
31152
2000
2353
2109
3552
3552
3552
2171
2285
2874
2874
2024
2493
2221
1806
1975
1816
1923
4176
5212
5212
2052
2052
4409
1965
1960
2385
2066
2846
2846
2846
3374
2393
3101
3101
1901
1831
1831
2191
1654
1853
2007
2032
2280
3632
25620
2418
3388
3388
3388
3388
2167
25386
2281
3344
3344
3344
2483
2483
2483
2483
2402
2222
3256
3786
3786
1833
3461
3293
1987
2370
2113
2295
1819
2198
2146
2183
1819
1699
1994
2116
2042
4084
4084
2901
3892
2074
2074
2599
2021
2893
2893
2893
2893
2893
2893
1813
25447
2022
26394
2069
2074
1996
2009
2009
2400
2953
2206
2013
2518
2350
2181
2085
1731
27856
2414
2940
2429
1918
1933
1806
27576
2472
2299
1898
2408
2408
2457
2457
2457
1471
2234
1844
2378
1969
1955
1821
1821
1821
2361
2290
2361
2450
2450
1942
2207
1948
1985
1985
32675
1561
2374
2023
2709
2709
1997
2171
1831
1705
25449
3320
3209
3209
2249
2472
2318
26038
1943
1901
2041
2041
1678
2017
2036
2121
26308
1889
1991
2384
2384
2069
2219
33157
2130
2130
2684
3362
3208
3362
1941
2197
2231
3000
2334
2132
2334
2334
2104
26901
27401
2401
2401
1943
2059
31790
2523
2523
2107
2166
2407
33737
2066
2066
1636
2303
2631
2620
1877
1958
2394
2108
3015
1904
1904
1904
2432
2432
2091
2470
2470
2714
2714
3254
3254
3254
1897
2405
25624
2079
2168
1982
1982
2349
2092
2038
1992
1992
2099
2628
2628
2628
2628
2076
2076
27491
1860
26879
1990
2309
2108
1982
2146
1547
1547
2212
2026
2026
22957
27255
2031
2496
2222
2091
2091
2009
41709
2471
2471
143138
2189
1860
2039
2739
1701
29803
27528
2112
2120
2120
2126
2521
2580
28015
1988
2221
1780
2171
2171
28299
2617
2102
1888
1888
1924
24481
1993
3994
3497
2158
1957
29946
1895
32354
2372
2225
1933
2016
26732
1969
1843
1957
2379
1740
1740
1825
25626
1724
2186
1880
2021
2079
1875
1875
25769
1748
2287
4554
2167
2155
1946
2197
1830
1830
2566
2495
2495
3107
3559
3559
3559
3559
2116
2116
2097
25561
2007
2219
1826
2097
2301
1912
1964
2319
2439
2284
30804
2532
2532
2070
1860
26329
1768
2045
27042
2362
2466
2466
2466
2990
2990
2990
2479
1955
2258
2409
1955
1532
31938
2372
2372
2006
1698
2148
2477
2477
2134
2010
2219
2219
2354
2810
2810
2943
2097
2488
2325
2192
2176
1931
1931
1931
1931
2448
1795
2313
2608
33285
2437
2061
3171
3171
2222
2250
2250
1747
1651
1897
2050
1902
1902
2424
2583
3165
2780
4219
4219
4219
4219
28171
2038
2562
2562
2654
2654
3985
3462
2732
2017
1732
1808
2229
2673
2519
2519
2132
2259
26012
2282
1953
1957
2049
2067
1961
1803
1808
1802
2021
1699
2417
2105
1907
1979
2442
2442
1888
2094
30270
2063
2437
2115
2085
2075
2075
2098
2080
3579
3579
3579
4105
4105
4198
4198
4630
1992
1992
1992
2180
26220
3114
3192
3715
2368
2190
1789
1888
1874
1837
1838
2113
2283
2503
2503
1883
2637
3165
34171
3165
3704
3704
1796
2247
31924
2365
2009
2009
2009
2145
2780
2347
2529
2529
2521
26847
2046
2046
2271
2276
2018
2116
2440
2440
2440
1760
25517
26594
2148
2221
2974
2336
2165
1902
1826
1902
2277
2688
2688
2018
2557
2557
2557
2557
2108
1922
2446
2200
2200
2200
2200
2211
1959
40371
2394
1957
1483
1777
2005
1804
1985
2336
2421
2614
1904
2101
2101
2628
26326
1946
3854
3854
3854
2603
2603
2192
1856
1961
1969
2356
2356
1881
2332
1899
2297
2006
2576
2639
2143
2172
2277
2401
2363
2119
1911
2226
2341
1960
1960
1960
31076
2391
1947
1785
27245
23729
2297
2297
2846
2846
2846
2201
27688
1564
2084
2919
2919
2721
3210
2721
2129
2803
2803
3341
2300
2135
2135
2135
2380
25075
1794
2005
2621
2731
1734
2288
23975
1838
2343
1463
2022
22784
2364
2448
2448
1949
2035
2579
2109
2614
2567
2567
4313
2180
2001
2302
25785
26309
3018
3544
4067
4067
3777
4596
4596
4661
2055
3521
3735
3521
2209
2350
1983
32565
2297
2074
1984
2031
2585
2421
2544
2544
2110
3174
3174
3174
1765
2290
2292
1962
1962
1962
1962
2154
2366
2366
31569
2345
2275
2461
2981
2023
1962
2100
1711
2018
2224
2224
2224
2224
1842
1842
2393
28229
28229
2418
2473
2205
2781
2313
2303
2617
2191
2727
2727
2727
2184
2224
2038
2322
1953
1985
1918
25488
2204
1980
2058
1943
2097
2463
2463
1992
2031
2085
2036
1926
1942
2516
2516
1938
1938
1993
1601
2163
2163
2243
2119
2043
25242
1959
1959
1823
1823
104449
2089
32793
2028
1802
2201
2483
24107
2911
2911
2911
1955
1955
24736
2096
2284
2006
29804
3140
2332
2390
2390
9949
12455
12960
13180
12777
3294
1841
1744
2013
2543
24399
26110
1883
2734
1944
141120
1957
2697
1470
474
2012
1893
1893
1893
1893
3126
3126
3126
2202
2601
2601
2601
2623
2581
2581
2091
2539
2539
27254
2401
1900
2235
2235
2235
2641
2754
3258
2525
2525
2067
2067
2298
1632
1921
2066
2241
30939
2549
2304
2304
2304
25756
2873
25698
2298
2081
2233
2172
2087
2240
2240
131493
2561
2445
2625
2625
2516
2157
1937
1978
32951
22280
2030
2051
1779
2176
25134
2333
2887
1983
1983
2428
2958
2911
3323
3323
2408
1183
2394
2663
3531
2878
2492
2492
2576
2423
2423
2423
2369
2174
2219
2238
2238
2220
2043
2535
2535
2665
2665
2665
3214
3168
2537
3398
3398
3398
3038
3180
3180
3180
2515
3131
3343
3569
4054
2364
2209
2047
2058
3353
3353
7311
5217
10665
2658
2658
2514
2638
2730
2730
2730
2730
2414
2944
2944
2233
2528
3118
2674
2627
2214
25341
2336
2230
2533
2533
3040
2511
1904
24190
26227
8292
2312
6148
2208
2730
2788
2788
2070
30843
1871
1871
2223
1853
2201
1996
1996
2366
2891
3403
3403
4027
2664
31802
2903
2903
2077
2582
1904
1997
2130
2054
1843
32125
1682
3066
2951
2951
2140
2037
1857
24547
25883
2008
2529
2000
2095
2261
1920
2569
2308
2308
2308
2308
2150
2081
1637
2132
26988
27510
26574
2549
2311
2120
2643
30462
1622
23542
22532
159095
2572
1917
2289
2765
2765
2437
2437
2437
2139
32867
32867
2254
2539
3075
3075
3075
2059
2241
2241
2092
1806
2229
2229
2363
1971
2162
2169
2169
2694
2279
2183
31701
2015
1891
1891
2411
1999
947
3230
3109
3109
2376
1990
2280
2834
2059
1984
2298
3009
2444
2207
2065
2051
1931
1931
1987
2105
2230
2230
2027
2027
2337
1930
2443
1954
1954
2109
2410
2059
2046
2046
2574
2574
1779
28001
1965
2155
2213
2057
1761
2186
2186
2796
1874
2148
2199
1854
2150
2252
2362
26972
1983
2544
2692
1988
2547
32108
2136
2641
4048
4107
4107
4613
2116
2319
2319
2635
1947
2100
1947
2468
2453
2550
29330
2064
2321
27541
2046
1923
1963
3094
3094
2069
1977
1977
2209
2299
26927
2306
2171
1903
2156
2122
2386
2712
2939
2939
2939
2563
3098
3098
3182
2314
2674
2695
3343
3192
1996
2203
2203
2221
2221
36740
2112
2133
2410
1971
1981
2397
2348
2271
2271
2158
2158
2257
27170
2044
2007
2857
2857
2857
2857
2857
2857
2224
2224
2074
2074
2076
2077
2120
2114
2114
1929
2049
2116
2733
2733
2568
2568
3276
3276
4008
2079
2207
2347
2197
2310
2310
1717
1717
2335
2201
35022
1979
2341
2341
2341
2465
3020
3020
3545
2406
2310
32922
32922
2037
2037
2650
2650
2073
2016
2016
2562
1980
2141
2362
2457
2457
2074
2159
3112
3112
2207
2377
1782
2034
2434
2207
2731
3254
3254
3254
3254
2400
1982
1982
2507
2184
2071
2071
2071
2526
2526
2535
2535
2317
28906
2288
2088
2101
29858
33065
4456
4456
2065
2630
30767
2743
2872
2872
27533
2134
2027
1603
2166
314
2421
2421
2927
3447
2383
2034
2993
3547
2362
3536
3610
2071
2625
2785
30540
2153
2193
2437
2284
2287
2181
2423
3691
3879
2797
3408
3408
3408
2383
2600
2600
2982
3486
3486
2022
2829
2829
2252
2431
2757
2757
2641
2625
1857
1886
1886
1784
1786
2326
339
1895
2035
2971
2971
1733
26827
23458
2824
24843
2106
32070
2006
2304
2473
2473
3518
3518
3518
3623
25933
2527
2527
2527
2418
2610
2610
2134
2128
2128
2435
2435
2351
2059
2059
2055
2351
1947
2025
2025
2545
2758
2758
2072
2070
28561
2710
3234
3234
3234
3374
2297
4635
4635
2287
2045
2045
2589
3111
2223
2224
1932
2981
2340
2340
2340
2863
2340
25757
2787
2852
1852
2681
2138
29464
3460
2092
2426
22940
2267
30705
25626
2155
24941
2522
1952
2321
2321
1654
1764
2119
2164
2601
2601
2813
2215
2272
26835
2129
1044
30371
2386
2588
2462
2196
2257
2257
2210
2409
25876
2466
2473
2473
2996
2112
2396
2490
28700
3420
3420
2038
2281
2075
2075
27860
2493
2493
2690
2324
2125
1975
1778
2309
2309
2861
2149
2042
26936
2072
2077
2375
1990
2299
28283
2360
2291
1772
1989
1989
2516
2233
2214
3201
2127
2681
3186
2093
2459
2097
2097
2046
2249
2505
2082
2201
2245
2245
2245
2773
1978
1917
2012
2036
2201
1893
1913
2197
1686
2215
2721
28706
2105
2565
2542
2390
27070
30057
31657
2236
1958
2061
2210
2529
2529
2400
2174
2267
3015
4102
4102
4638
4638
4638
5157
2113
26875
2285
4066
2467
2467
2096
2237
2304
2161
2222
2222
2745
2506
2063
2214
27943
2006
2096
2318
2230
2425
2224
2101
2380
2778
2782
4131
4638
4796
5842
6426
6933
2802
28594
2425
2901
2901
27260
2090
2102
2109
3986
3845
29914
2116
25541
2805
2186
2158
2685
2685
1847
3095
3615
2710
2710
2837
2837
3343
3343
2498
2498
3022
3022
3022
3544
4092
29870
2791
2791
2118
2564
2073
2636
2636
2636
2223
2039
1976
1976
2544
5719
2764
2764
2201
2108
2336
2160
31354
3076
2245
27605
27149
1976
2120
2283
3140
3668
3668
3668
2026
2554
2154
2927
2927
26494
3139
3139
2298
2267
1964
2409
2760
2760
2306
25519
2507
2061
2276
2148
2132
2309
2132
1717
1029
33750
905
2296
2296
2603
2603
2454
1982
61490
2944
3412
32237
2889
2960
2194
2484
2092
2234
2234
2005
3387
3387
2214
2033
2147
2458
1994
3142
3142
3142
3661
2931
2039
2843
2671
2756
2177
2725
39018
23258
2082
2082
2596
2001
31367
2155
1937
2535
2013
2013
2233
2538
1826
1826
2030
2038
2337
3091
3091
2196
1977
2292
2061
22609
2406
3379
3379
2603
28914
31977
2443
2672
1789
2434
2966
2612
26414
2620
2697
2697
3083
3083
3083
2749
2294
2141
2141
4208
2590
24598
28682
2102
2016
2351
2116
2233
3273
3273
3273
3273
3793
2659
2374
2374
2250
2744
2130
2158
2659
2659
2165
2165
2560
2560
2365
2168
2168
2646
2001
2306
2325
2150
27103
2799
1984
1984
2509
3023
2865
2594
2865
3099
3446
2216
2028
2028
2706
27235
25703
2777
27570
2163
2163
2253
2338
2558
2558
2359
2359
25616
2443
2342
2342
2439
2439
2439
2258
2258
2258
2563
3215
2701
2701
2312
2554
1937
2392
2687
2090
2391
1936
2156
2463
2993
2993
3672
3672
2403
27075
3314
2323
1895
2522
2164
2164
3159
3159
2215
2196
2115
2046
27139
2214
2214
2266
2292
2156
2426
2587
2204
2168
27733
2640
3165
3165
3165
2079
2079
2604
2348
2470
2240
2508
2508
32668
2124
2044
26872
27154
2030
2682
3139
3139
2093
27169
2404
2404
2093
2109
1787
669
2457
2593
523
1029
2646
2085
2616
2722
2124
2526
3039
3039
3039
3131
26974
2570
32493
2421
2033
2331
2998
2998
2441
2094
2030
2258
2512
2385
2263
1886
2016
2016
2540
2220
2266
2523
2567
2027
2265
2056
2102
2050
2553
2553
2050
1993
2215
23156
2182
27791
2594
2594
2406
2406
2263
4885
5406
5406
1925
3062
3062
2182
3293
3293
3293
2114
2075
2075
2341
2345
2239
2009
2311
2311
2052
2243
2230
2355
2355
2583
2707
2437
2363
2856
3375
2241
2707
3227
2685
2685
2766
2766
2139
3236
3741
3741
2297
37636
2280
2530
3076
3076
2604
2604
2627
3465
3465
3465
2838
2838
3196
3128
3128
3665
2673
25133
2236
2277
2277
2017
2017
2055
2906
2906
2220
2217
2025
2119
2622
2120
2343
2597
2597
2054
2054
2213
2277
2033
24167
2377
25386
2444
2376
1882
1999
2300
2602
3082
2331
4183
4346
4183
4183
4183
2599
2849
2051
27410
2207
27810
2944
2440
2287
2392
2392
2257
2090
2315
2391
2391
3111
2541
2210
2019
2276
3576
3576
2507
2507
3009
3009
3473
3473
3473
3728
33523
2665
3188
3188
26617
2683
2556
2662
2064
2028
2448
2503
2191
1584
1962
1624
2706
3222
511
2580
2580
2566
26536
2214
2069
2539
2539
2642
2505
2505
2716
2111
1842
951
2345
2709
2709
2234
2171
2171
27126
2657
2657
3211
2008
2551
2128
2688
2688
3211
2119
2532
2957
2957
2146
2354
2094
2133
2133
1990
2423
2439
2651
2651
2651
2482
2156
2840
2185
2191
3098
27925
26086
3229
3229
29223
2218
2818
27087
2473
2020
954
2217
24242
26647
2405
2382
2382
2069
2610
2610
2394
2537
1996
2521
3183
27036
2623
2750
2303
1589
854
2592
3352
3352
36966
36966
2198
29618
2188
24800
2322
2175
2175
2700
2079
2603
2140
2276
2276
2515
2152
2152
2162
2150
32373
1963
1963
2699
2699
2072
2072
2137
2134
3052
3557
1896
35268
3858
3858
3043
2030
2373
2327
24368
2433
2408
2350
2346
2249
2249
2301
2301
2834
2834
2066
2591
2038
2105
2875
2545
2545
29345
2009
2449
2050
2212
2212
2253
1824
24093
2054
24349
2546
2501
26711
2383
2383
2121
35046
2155
2685
156647
2462
2526
2522
3027
1948
2300
2024
25957
4934
4934
3434
3962
3962
2857
2588
30433
2171
2521
2292
3676
3676
3676
2313
2313
2842
2284
3179
3179
3113
3113
2237
2328
3021
3021
2287
2357
2789
2298
2307
2343
2869
2800
2365
2375
2203
2466
2355
2597
2705
3156
2875
2875
2941
3472
2685
2495
3471
4087
4087
4593
4593
2918
2556
2513
2513
2281
2281
2381
2713
2261
2797
3611
2984
2630
2630
3112
3112
2911
2696
28798
2422
2661
2326
2587
3115
2759
3283
2483
27014
2674
2719
3484
3991
3991
2895
3419
3318
30324
23809
2262
2802
2463
2425
2073
2073
2296
2116
2206
23850
3433
2910
2736
2515
2248
2511
2112
2112
2217
1918
2552
24259
2285
2691
2416
2552
26560
2246
23306
2119
2301
2301
2301
1791
815
2242
25218
1935
22571
2708
2386
2048
2514
2332
2103
2509
2509
2509
2479
2505
1995
2148
2195
26614
996
2503
2047
2807
2982
3800
2608
4300
3067
3067
3067
2896
2896
2938
2754
2754
3670
3036
2750
2842
25428
2563
2563
22650
2285
2328
3034
2242
25032
2950
1843
2504
2289
2368
3229
2896
3182
2314
3124
3001
3629
3314
2563
22530
2548
2189
2200
1980
3299
3299
2292
33258
2669
2374
2597
27826
3778
2453
2453
3000
2447
2625
3013
2359
53066
39387
2415
2415
2397
2493
2592
2285
2352
27368
2481
2481
2773
2773
3314
2404
2909
2145
2145
26592
2272
26522
2349
2947
2947
2469
1852
2616
2616
2134
2134
3639
3639
3639
2351
2351
2508
2106
2213
2568
2438
2439
2317
2317
2261
2367
1998
2508
2078
2295
2427
2229
2199
2744
2744
2430
2213
2640
2150
3044
2210
2313
3163
28055
8320
2251
2776
2387
29217
23894
2103
2741
2145
2355
2633
2633
3765
3094
2297
2297
2544
2544
2299
2587
2266
2327
2249
2096
2031
2461
2060
2060
2460
2460
2460
2215
2515
2350
2350
3142
2224
2385
2386
2260
2094
2431
2395
4853
4853
2663
2453
2453
27736
3055
3055
1999
2726
2726
2726
2422
2422
2160
30267
2330
2458
2278
2115
2115
3231
1909
2216
25139
2234
2579
4931
2123
2625
2167
2300
2300
2828
2828
22565
2348
2819
2819
2473
1829
2129
2113
2113
2834
2834
2269
2246
2642
2642
2289
2265
2795
2795
3326
30527
2388
2504
1638
2237
24662
1085
2752
2557
2557
22650
2416
2416
2435
2571
4366
4366
2451
2142
2665
2783
3367
3367
3128
2868
2132
25362
2854
2854
2399
3418
2886
2287
2794
2794
24622
2693
2866
26906
3052
2790
3340
3340
2995
3054
3054
2796
23155
2328
2512
3072
25502
2887
2525
2573
2573
2956
3609
3124
3124
127448
2741
3009
3470
3167
2794
2271
2310
2310
2310
2471
2498
2408
2137
3032
3556
2162
24793
27722
2575
2101
2586
3156
27678
2408
2408
2282
2282
2056
2056
2270
2504
2807
2369
2369
3430
3602
2487
2961
2897
2374
28706
29231
2356
2453
2453
3243
3335
3335
3859
3310
3817
3817
2654
2147
2416
2151
3798
2343
2343
2867
2766
2608
3128
29632
3041
2411
2570
2570
2332
2273
2161
1994
1994
2746
27081
2339
2135
2135
2785
2306
32110
2500
2234
2829
2829
2287
3478
3478
3478
2484
2193
2731
3650
3650
3650
2511
2436
2869
2712
2712
2869
3762
2857
2262
2543
2260
2260
2107
2307
2707
2286
2286
2684
2090
2217
2750
2144
2028
2028
2194
2699
2699
2528
2546
2391
2237
2081
4874
2610
2610
27612
2795
2795
3317
2432
2950
3472
26757
27476
4414
3113
2577
2947
2947
3472
2343
2272
2686
2360
26570
3356
3356
2483
2986
2738
3613
25873
26478
2400
2984
2984
3510
1898
26799
1423
3372
3372
2397
31861
2497
2751
2650
30319
2977
2977
2617
2924
2916
2638
2720
3507
4012
2651
3096
3096
3614
30135
30135
2521
2609
2637
1845
28073
2554
2303
2099
3117
3641
25640
2828
23874
2551
2860
2648
127999
2470
2470
2272
2588
2762
3114
2621
2279
2810
3364
2775
2476
28762
2537
28923
2722
2233
2233
2765
3048
3535
2490
38702
26997
3541
3541
3438
3438
23994
2759
2759
24387
2647
2647
2706
2623
6003
6003
2265
2815
3341
3868
3868
2665
2665
2435
2127
2127
2856
2129
1734
1228
2521
2521
2685
2479
2479
2366
2871
2172
2172
2172
2242
2484
2442
27926
2317
3608
3608
3608
3608
2629
2104
2255
2295
2580
2818
3250
3250
2894
2894
2894
2164
2397
1997
2193
2193
2275
26551
2269
2544
2484
2870
3003
3511
2955
2166
2870
2672
2999
2999
2150
2845
2845
3350
4211
2596
2369
2655
2492
2492
2571
2035
2567
2782
3878
3878
3878
3878
3878
4899
2353
2159
2620
2611
2519
2621
2440
2298
2669
2412
2802
2802
2802
23705
2380
23682
2806
2461
2521
3057
2840
2897
2371
2671
2671
2291
2988
2358
2469
2469
2787
2787
2923
3547
2711
31832
31931
2223
2981
2902
32049
3134
3134
2227
156896
2750
2647
2144
2719
3439
2423
2488
27308
2011
2011
2541
2365
2298
2395
2395
3574
26636
2357
2399
3691
3691
2404
2712
2918
2918
2390
2390
3213
3717
2778
2734
2974
2974
3496
2977
3482
2387
2220
2330
2368
2262
28036
2919
3677
3914
4422
5036
3101
3015
2293
2293
2583
3071
3071
3071
3071
3406
2308
2308
1871
2301
2301
3092
3092
2806
2845
2206
2143
2300
2224
2371
2284
2451
2790
2956
2577
2576
2576
3606
4130
2896
2166
31840
2580
3101
3621
2246
2189
2360
2800
2290
2715
2965
2461
3053
3947
2144
28342
3577
2351
2243
2569
3492
3492
3492
2490
2250
2172
2699
2255
29869
2976
2976
2596
2596
3842
4348
2462
2985
2517
2504
2585
2315
2504
3600
2302
3300
2145
2145
26985
2728
3006
2942
27688
2343
2343
2343
2493
2692
3220
3556
2602
29113
2609
2609
2637
2191
34021
2767
3095
2417
2275
2923
2923
3959
3959
2888
2374
2645
2038
2058
2252
2322
2576
3130
2035
2166
26049
36881
2378
2069
2408
2305
2455
2400
2400
2502
2075
25477
2554
2554
2601
2569
2050
2643
2247
1733
2168
979
2623
3334
3334
2813
2326
2666
6528
6528
3143
2157
2455
2522
2522
2267
3692
3359
2746
24632
2315
3066
2173
2122
22548
28632
3411
4442
4981
29124
2280
2265
3306
3306
3306
2552
2523
2013
2595
2452
2757
2757
2757
2527
2271
2271
2709
2709
2689
2481
2481
2642
3172
3172
3097
3614
3614
2979
3512
3395
3395
2333
2697
2577
1955
2106
2460
2724
2531
3031
2504
3151
3656
3656
3656
2178
2178
2215
2215
2215
2508
2841
2553
3158
2061
2061
2590
2609
2385
2385
2385
2717
2496
2252
27387
1958
2669
3330
2485
2169
2633
2383
2273
2788
2788
6697
2439
2457
2793
2793
2793
2962
2427
2884
27053
3007
2689
2679
2553
3076
3599
2736
2353
3859
4381
4381
2845
2845
2228
2978
2978
2371
2414
3012
3012
3520
3204
3729
27047
2851
2938
2417
2937
2937
2880
2725
3256
2709
2289
2402
2430
2296
2062
24937
26000
518
2333
2696
3775
3775
3775
2647
3009
3009
3532
31943
26440
2861
2861
2040
788
25292
3129
3107
2495
2126
2407
3705
3705
3705
4211
3107
2319
25090
2405
4853
4853
6594
2255
2762
853
2655
2655
2759
3038
3112
3571
4098
2841
2841
2981
2981
2991
2857
2857
2406
2535
25515
2667
2759
3218
3218
2919
3425
4475
4475
5013
2678
2725
3254
3790
2666
26276
2514
2435
3185
2461
2472
2544
2808
2348
2249
2635
4351
2263
2230
50563
2517
3206
3206
2833
35332
2836
3239
3650
2507
3204
3204
2475
2578
2371
2222
36273
2382
2382
2472
2457
2847
2136
2849
3035
3035
3035
1982
2513
3202
2976
2453
3253
3253
2467
2264
2424
2417
2216
2175
3213
3494
2417
2924
3630
4153
2812
2374
27490
2775
2555
2275
2526
2622
3128
2966
2966
2295
2666
2247
33414
2497
2755
2585
2386
2571
2497
2398
2642
2642
3057
2871
2115
2648
2648
3906
3906
3906
2724
2724
4498
2385
2512
2448
2974
2974
3497
2197
2725
3274
3436
3436
2233
2990
2727
2597
3128
3128
3655
2872
5588
3113
3113
2206
2206
27577
3251
3251
3251
3251
2238
2365
2365
3060
3614
3367
3440
3148
3148
3226
3731
28038
3330
3089
2683
25716
28067
2464
3038
2393
2008
2632
2218
3228
3228
27414
2153
4029
3421
1930
883
2894
2894
2894
2525
2525
3047
30776
2530
28938
2782
2782
2608
2056
2543
2543
2913
2504
26533
2703
2407
2465
3386
3386
2333
28186
2898
2261
2795
3581
2239
2239
2121
2433
2428
2306
2650
2611
3410
27410
2757
2454
2353
2353
2577
2441
2978
3501
2824
2303
2579
2497
2497
2773
2402
2385
2935
2925
2925
2286
2286
2866
2722
2270
2938
2938
2210
2345
3182
2487
2794
2794
3023
3092
2289
2289
2356
2615
2615
2640
2640
2864
2891
3506
2644
2294
2949
2792
2612
27478
28361
2537
3065
3307
2356
2613
2613
2972
2216
2488
3358
3297
2492
26758
2506
2564
3356
3861
3861
3861
2353
2369
1574
2907
2637
3169
23780
27206
2420
2420
2666
2614
2614
2346
28656
4918
4262
2530
155921
3305
3305
2171
2322
3239
2728
27579
2380
3020
3759
4053
2770
2494
27285
2485
2331
3301
3382
2842
2423
2757
28310
2288
26164
23858
26391
2858
3506
4012
3352
2535
2650
28439
2524
2803
3378
4080
1579
3488
2744
2473
2498
4279
4279
4279
4279
2393
2574
2959
2959
2784
27677
2785
2785
2478
3001
3166
2642
4789
4789
4789
5342
5342
2300
2300
2504
27987
2498
3015
3060
3060
2331
28107
2498
3031
3031
4097
2634
2634
2847
27931
3367
32441
3364
3364
3104
3294
3774
4282
2792
2580
2804
2733
2733
3255
24873
2648
2465
2572
2454
2326
3181
3181
3188
3184
3184
3184
2695
2834
2398
2527
2906
26765
2739
3337
2795
2493
2342
2100
23838
3317
3822
2715
1946
2455
509
3338
4390
4390
3853
2521
2379
2913
3775
2819
3326
25104
2482
26723
2406
2406
3104
2499
2731
2261
3403
3403
5159
2334
3318
3318
3429
2865
2947
3410
3410
3945
3945
3945
3010
27425
2688
2903
2463
2987
2640
2640
2550
2718
2554
2724
2058
2527
2324
2796
2796
2665
2108
27252
2967
2967
2967
2609
2605
2508
2871
2423
2358
2655
2108
2498
27842
2515
2553
3204
3776
2448
3133
3133
3133
2741
2680
3496
3689
3689
3689
25179
27589
2519
2561
2987
2453
3094
3599
3599
3090
3665
4707
5809
5006
38187
2048
2646
2915
3269
2180
2547
3652
2627
26569
2583
3165
2869
3104
26504
2016
2165
2372
2758
3288
3121
2895
1953
3034
2416
2486
3255
3255
3255
26401
2697
3217
3745
3338
3338
2520
2528
3151
3151
2596
2596
2311
2311
3028
2928
2575
3614
4135
4135
4135
4135
2641
2111
2884
2561
2325
3269
3776
4372
4372
3042
28415
3637
3225
3459
3459
2449
2796
2796
24349
27303
2634
3137
3663
2824
2378
1878
28048
915
2827
2827
2326
27239
2482
2959
2213
2563
2763
3090
2847
2862
3331
3331
3331
2468
2879
27741
2557
2297
2297
2858
2664
2664
2431
2518
3669
4172
2600
2917
2917
2917
1794
2857
835
3372
2769
2231
2690
2074
2074
2395
2850
2641
2735
2619
2953
2908
2908
24566
29217
3022
4510
3046
2829
2131
2359
3040
2490
31399
3340
3784
2420
2303
2391
29575
2455
3526
4053
26651
3179
2612
2443
2784
2857
2618
2907
2573
3253
33396
2397
3918
4768
26635
2626
3064
2747
2561
2612
3201
3710
2154
2625
3020
3211
3211
2199
3148
3148
2521
3066
2573
2573
2695
3200
3962
2565
3073
3868
3868
3868
4652
2609
2805
2521
2514
2558
2510
2965
3154
4023
4584
5101
29758
2952
2870
2510
2510
2665
2665
2645
2440
2440
2943
3060
3060
2224
2172
2437
27563
3079
2836
2537
2746
2423
2509
2459
2372
2225
2490
2452
2310
2323
2401
2401
2919
3449
2759
1891
861
4814
2438
2147
2438
2960
2960
2654
2298
2668
3172
3425
4099
4143
2089
2442
2621
2621
2255
2505
2304
2212
2480
2575
3754
3754
4260
4260
4705
3396
3449
3449
2303
2617
2768
2376
2443
3149
27243
2065
2362
2518
2351
2351
2444
2740
2309
2622
2534
2534
2604
2361
2653
2757
2757
2757
2617
2699
2795
32467
2586
2586
3354
3111
2420
2880
3686
3686
3334
2509
2509
3460
4028
2249
4358
4358
5569
5569
5842
3132
4031
4031
3264
2690
2305
2552
3726
4235
28316
2633
2792
4307
4307
3559
2880
28245
3633
3633
3282
3282
2649
3172
3172
3221
3775
2646
2661
2460
2838
2838
2677
2707
2385
2469
2469
2469
3249
3249
2968
2832
3421
2516
2481
27208
2283
3266
3266
3266
3266
2562
3160
2511
2511
2511
3013
2513
3909
3909
3037
2512
3582
3582
27318
2370
2515
2515
2608
2369
2615
2792
2461
2532
2887
2885
2885
3391
4460
4460
2820
2800
3103
2378
3052
3557
2866
2453
2496
3049
3049
3049
27516
3205
2748
2433
1917
26516
2280
32612
2876
2920
3410
2660
8161
2716
2774
2774
2164
3188
3766
4293
3167
3144
3144
2632
2104
5345
2304
2465
2465
2400
3055
2623
2496
2311
2789
27086
2613
3139
3735
2666
3409
3409
3409
2474
2474
2487
2505
4723
3258
2954
2602
3005
2320
2924
28338
3381
3983
4494
4494
4494
29275
2840
2357
2579
2558
3148
2559
3642
4207
4207
3396
3114
3641
3902
29593
3631
29317
2471
2532
2810
2643
2429
2719
27368
2979
2518
2934
3107
3612
3235
28310
2685
2521
2521
3582
3582
2448
2532
2706
3302
2522
3046
2665
2430
2430
3564
3255
2577
3344
2485
2485
2132
2650
31204
2696
2869
3214
2506
2506
2593
2820
2820
2820
2538
3065
3597
2439
2466
2173
2316
3392
4173
2889
2806
2746
2457
3198
3742
2579
28175
2732
2041
27300
2513
3086
2681
2430
2954
2428
2375
2609
2472
3000
3522
2595
2724
28073
2608
2608
3086
2818
2818
3138
3963
3841
4609
2932
2335
2739
4462
4462
5038
2610
2637
5037
5037
5563
26802
3662
2910
2777
3148
2398
3151
3841
3841
2680
2867
2867
29162
2544
2193
2744
2865
2764
2147
2697
2682
2994
2987
2987
2987
2832
3185
2769
2769
3179
5007
2829
2486
6842
2814
2592
2592
3128
2997
2846
2674
2653
2712
2258
2776
2691
2691
3110
3110
3110
2595
2595
27894
24249
2644
2804
3311
3311
3981
4691
2492
2565
25201
24641
3135
3638
2622
2148
2989
26465
2413
2900
34328
3038
2482
2471
2271
2995
3856
4494
4494
3519
24643
2561
3045
3045
3045
25199
29273
2865
2565
2565
28382
2748
2748
2564
2641
3027
2693
2693
2778
2668
2843
2876
2650
2650
26851
30620
2806
2806
2786
2526
3039
3039
3039
2464
4938
2542
3046
3046
3046
3568
2747
3162
3162
3162
3690
3690
2770
2221
3346
3074
2185
2681
3945
834
2497
30281
1061
3087
3621
2719
2679
42225
2747
2873
2203
3252
3472
4116
2641
33105
3295
3800
3427
3427
2909
26147
2809
2760
2985
2591
2501
31123
3466
3466
3991
2836
2891
2818
2434
2569
2371
3032
3570
3153
3473
3473
2922
3316
3316
2372
2981
3502
3655
3502
5114
2141
2477
4042
3128
2547
2549
2713
2713
2688
26984
2476
3225
3809
3809
4317
2593
3099
3099
2449
3049
3049
2332
29271
2581
2426
26879
26062
2827
4419
4419
32455
3360
5041
2896
3429
36048
3650
3307
3116
3116
3621
3526
9995
3964
5460
5569
3359
27688
3214
3280
3280
3291
3291
2828
2711
2711
3232
2689
2592
2991
2947
27251
3017
4075
4583
4583
4583
2779
4187
4703
5235
47776
2941
2848
2401
3048
3567
3567
2581
2452
2960
2713
2803
2870
2638
3183
4271
5277
2700
2646
2624
2779
2565
31971
5445
2667
3183
2302
2633
2396
2610
3692
2465
2674
3181
3707
2627
2651
2308
2752
2974
2807
2807
2727
3259
3794
3593
3593
3593
2543
2935
3472
3472
3992
33745
2958
2612
27541
2990
2990
27130
5340
5866
6487
7149
7707
2899
3082
3098
30027
2931
2931
3337
3351
3831
3000
4011
27552
2667
2818
2818
2893
2591
4190
4695
3631
5209
4053
4559
2473
2686
2686
2221
2742
2380
2665
3143
3143
2498
2498
3009
2212
2403
2530
2132
2132
2587
2587
2354
2551
3084
2653
28143
3070
3183
2742
3856
4361
5065
5598
6132
4326
2967
2984
3395
3395
3040
3040
3641
2710
1783
2584
2584
2790
26939
2985
2954
2559
26555
2739
2411
3102
3000
3967
3967
3967
2961
2849
3055
3126
3055
2667
3885
3885
4586
4430
3398
2505
2457
2758
3319
3319
27132
3223
2718
27888
2951
24423
2920
3220
3220
3220
2700
3047
2928
3460
3984
2821
3130
2764
2767
2767
2555
2589
2102
24455
2710
3031
4081
4143
5173
2474
2643
2643
3666
4173
5254
5254
4023
2609
2619
2763
3039
2609
3738
3738
3248
3248
2592
25763
2835
2858
2746
2753
2962
2572
36364
3237
3237
3139
2820
2676
3206
4047
4151
4677
2529
24427
2751
2903
3403
4444
4028
4216
5304
2820
2857
24908
27421
3017
3539
3539
3612
2754
2564
2683
2829
3356
3878
2815
2250
2132
2602
2549
2549
2549
2831
3374
5475
5475
5475
5475
2700
3047
2947
2607
2607
2203
2754
2369
3352
3352
2499
2593
3646
4190
32946
3065
3065
3065
2411
2472
2472
3186
4319
2977
2973
28200
2905
3758
3758
4921
4921
2861
2729
3053
3379
3379
3689
3689
2685
3167
3390
3383
2644
2742
2760
3247
2754
3260
3260
3183
2677
3730
30737
24190
31189
5173
5696
5696
5696
3732
2812
2873
3400
3923
4448
2779
2412
2831
3364
2518
32615
2819
2668
4009
4009
2500
2662
3216
2997
4257
3530
2638
3166
3692
3893
2946
2954
2752
2935
2935
3441
3094
2977
27067
3714
3206
3206
2601
2601
2933
2395
23299
3434
3434
4303
2779
2658
2292
3065
4110
4951
2545
2545
29410
2276
3037
3817
3043
2459
2459
2208
2632
2697
3187
2708
24000
3180
3180
3974
4518
4863
28161
5697
6442
6948
2832
2832
25572
3347
2974
6339
6339
6339
6339
2630
23649
2496
2744
2840
2578
4236
5262
2993
27675
3513
3513
3513
4585
2811
2730
2730
2848
26426
2776
2759
33663
3050
2794
2813
2937
3456
24205
3072
29336
2949
2789
2717
2662
2901
2604
1999
1018
2903
3419
2353
3028
2881
3933
4081
2964
27825
2786
3055
2850
4048
4553
5594
2982
32720
2942
2895
3250
3250
3472
3622
3472
3216
2885
2527
2627
2627
3153
3153
2956
2956
26098
3559
3039
2260
29407
1039
3729
3120
3120
3152
3233
3231
3231
3231
3096
2132
2692
1096
3039
3551
2778
2933
35855
2536
3058
3587
2655
3092
4134
4134
2579
27993
3046
2832
3961
3961
3961
2503
4019
2762
2762
2597
2520
2979
2428
2597
2782
3164
2565
1705
769
2873
2662
3078
29742
3287
2657
2619
33511
2671
2723
2710
2606
2395
3627
4132
3165
3012
3619
30211
2651
3281
3806
3058
2497
27388
960
2932
2860
2860
2805
2792
2845
2787
2778
2778
2994
2455
3314
3314
27388
2390
2336
2956
3461
3994
2987
3672
2704
2704
2564
2694
2694
2694
15087
15594
3379
2673
2397
2397
3149
2934
3502
3418
2832
3336
4394
3049
2884
2627
3190
3190
3190
3093
3191
3191
3194
2543
2706
2527
2864
2857
27896
3449
4068
3050
3380
3124
3124
3124
3135
28102
2676
2997
2997
2955
2938
28397
2705
2557
2557
2655
2655
2655
2812
2812
2812
2829
2884
3044
3952
2463
3004
2946
2933
3054
3705
3510
4687
4687
5194
5708
6435
2577
29557
3508
2328
2328
3447
4690
2882
5061
3377
3577
2774
3256
2717
2693
2387
2498
2509
2983
2854
3378
2625
2552
3123
2696
3289
3289
3298
3235
2785
2439
2930
4145
2430
2862
2530
2530
3094
3682
3599
2592
2862
2428
2455
2455
2877
2480
3345
2714
2465
2994
3671
2389
25487
2811
2811
2307
2936
2715
3063
3598
4656
2981
2727
2528
5693
2740
2920
2920
29890
4001
5320
28185
2571
2856
2407
2786
3180
3180
3537
3537
2611
3295
2956
2956
2956
2525
3580
28086
4944
5449
6140
2758
2726
3117
2705
2705
2585
3017
3721
4757
3256
3256
3166
3216
2540
2926
2793
2882
2260
2960
3007
3536
4077
4849
5933
6459
3220
2860
3883
3476
3060
2600
2599
2599
2825
3870
4393
3063
2495
2535
3001
2901
2569
2666
2666
3188
3102
2963
26199
2617
2649
4679
4679
2785
26931
2630
2630
3152
2680
2458
2391
2916
2906
2503
2581
2581
3671
2789
2910
2977
2760
2930
2930
2851
2628
3693
2680
2650
2782
2653
2967
2964
3493
3071
2200
3589
2935
2676
2585
3115
4196
3427
2871
25194
3771
2734
2712
4381
3264
4020
2625
28278
23897
2444
4098
3023
3135
2802
2802
26932
26922
3821
2923
3364
2741
3318
3935
3935
2580
2522
2939
3678
4723
3029
5689
3295
2833
2833
3105
2952
2952
2952
2896
2557
2557
2650
4365
27983
2805
28231
3520
3520
3607
3390
2643
3220
2859
2859
3114
3260
3343
3117
3131
3083
3083
3083
3173
3173
2918
2776
3395
3676
4408
5301
7424
7485
7990
3358
2720
2989
3495
2560
3064
2782
3269
2772
3304
3834
4009
2483
27336
3726
3726
2565
27539
3609
2613
3083
2627
2865
2865
3060
3841
3065
2274
2596
3234
2995
2995
2863
2725
29124
2902
2733
2012
2751
504
3238
3238
2908
2908
2641
2716
2901
3405
2485
2735
4162
2906
2305
3447
6975
6469
1144
27628
29045
2552
3057
3057
4738
4738
4738
700
2976
2935
2913
27482
3184
4756
6015
7115
7621
2697
2768
3379
3379
3917
4442
3165
2559
2612
2612
2798
2783
2783
3121
2808
3137
8625
11140
3722
3806
3677
3677
27439
3279
3117
3631
4468
4975
4975
3795
3289
3700
3223
3542
3258
3412
3325
2989
3496
2928
29821
3478
3478
3140
3328
38277
3231
4763
3821
3136
2918
2918
3129
2985
4721
2694
2146
31305
524
3003
3003
2546
3776
2758
5154
6198
7247
7774
6493
3312
2776
3433
2921
24717
2239
2239
27053
3383
2966
26942
2950
2929
3584
2984
2791
2791
4946
3730
3730
3259
3766
3766
4887
5392
3137
3186
27358
2532
2703
2703
2633
3363
4410
2769
3499
2548
2121
2691
26908
2465
2465
2807
2937
2692
3306
4143
5505
5273
5273
6310
6903
2601
3227
3141
3647
4338
5048
5048
6091
3570
2860
2809
2860
3132
2685
57077
5234
3429
5998
3436
3946
2764
2640
2225
3278
3011
3445
3230
3771
3771
4404
3000
2809
2648
3179
3125
2578
2636
3167
4436
2864
2665
2665
3414
3414
3510
3716
4318
28261
2921
2921
2903
2903
3426
2668
3829
4334
25900
3459
4299
4299
2931
2931
3143
3336
3336
3429
3429
2107
3024
2455
27491
2611
2611
2284
2284
3260
6241
6241
6241
6832
6832
6832
5926
4925
3182
36223
33269
2657
2676
3280
2779
3300
3055
2811
4106
4106
4106
2946
25154
27942
3367
3120
2557
2122
3033
3565
4627
5152
6194
3722
3722
27547
3556
2732
3046
3046
3860
2908
2719
3036
3036
3036
2950
2950
26525
3472
3472
4022
4086
2498
2425
3175
996
3161
3010
2818
2671
2792
3119
2639
2705
2705
2674
3093
3259
2756
2420
3469
4272
5759
6804
2828
2721
2881
27157
3536
3054
3054
3054
2935
2755
2755
2742
3801
4452
3263
2596
2874
27480
26236
2865
3016
3170
3697
2654
3678
3056
2894
2875
2904
2890
3417
3417
2752
4590
26998
3620
3167
4965
5645
3670
4401
5437
5608
6703
6703
7209
2225
29408
1022
3473
3183
2815
3935
3935
4052
4082
3746
3746
3621
3621
3106
3077
2799
3826
4335
4864
4949
4949
5678
2954
2906
2877
3471
2928
3160
3171
4259
4915
4189
4189
2795
2843
4100
3063
3063
3312
3312
2669
2658
3478
2999
3248
3000
3508
5065
3326
3161
3826
3042
2963
3766
3455
3627
3368
2828
2695
2695
3265
3265
3255
2969
2658
2444
3683
4511
6028
4211
6508
28594
23648
2461
24523
3138
27411
5085
5085
5615
2975
2707
2896
2710
2710
2787
2716
2716
2754
2735
2647
2673
2684
26475
3499
2703
3122
3122
4168
2721
2721
2735
3249
4444
5082
5082
5612
2949
3148
3052
3172
3052
2680
2838
2838
2698
2613
2880
2687
2687
3011
3011
3681
4209
6310
3086
28855
29989
3738
3738
3612
3048
4277
4277
2858
2981
2706
2706
2468
2821
2502
3210
3403
4405
28267
3725
3725
3634
3634
3227
3227
3123
4417
4200
5250
4237
2858
2392
27686
24940
3066
2737
4063
3359
3236
3236
2487
2945
2945
2400
3143
4912
3096
11991
9990
13169
3817
3851
3851
3177
3134
25001
3107
2806
2628
3028
27624
2892
3409
3338
3416
2885
2966
3061
3299
3387
5072
3610
3015
2808
3340
2940
2940
2940
3153
4048
4048
3955
3718
2843
2996
2929
3269
2511
2743
2418
3203
2498
3320
3104
2371
3102
3102
3096
3096
3048
3186
2909
2564
2629
2703
24579
2755
2755
3621
4304
31890
3081
36994
2622
3156
3680
4913
4913
4162
3104
2911
3545
3545
2970
2825
3215
3270
3089
3333
2902
2902
2786
2002
3071
790
2404
3061
3063
4111
5158
5684
39609
530
4222
3142
2956
2923
2923
2651
3910
5166
3046
29232
3175
3175
2654
3122
3628
3682
3838
3682
4187
2882
2491
2604
3178
3302
2900
2900
3408
2705
3308
3548
28075
4113
4631
4352
5949
2718
26833
3180
2786
3773
4866
4293
4616
3011
2890
3419
3630
3630
3021
3540
4071
3337
27577
2755
2755
2984
2984
2724
2856
2873
3016
4085
5526
3503
3503
27514
2875
2372
3112
3223
3223
2772
2772
3659
3012
4077
4598
2994
2996
2746
2970
27240
2902
2902
3255
26687
2926
3271
3271
3271
3344
3614
3123
4124
5892
6563
7627
3216
31614
2699
3071
26651
2948
2722
2722
3250
3161
2942
2657
3163
4353
3366
2772
2692
3416
2663
2663
2831
2504
27036
3363
4131
2992
4324
2790
3151
3068
3068
2647
2850
31039
3368
4461
3021
3544
4068
4017
4017
3438
3438
2690
2690
3502
4025
5085
3025
3410
4212
5796
2898
30242
3069
2897
2864
3117
3117
2968
3488
3395
3021
2688
3065
3089
3300
2821
3283
28851
3852
3852
3255
3744
3546
3302
4821
4821
6274
3344
3613
3348
28953
3639
3084
31884
3583
26753
3013
3013
3300
3300
2503
2805
3760
3857
2977
2977
2580
3088
4100
2795
3826
1033
3160
3032
3032
3032
3455
3404
2999
2805
2805
4963
2686
30862
28884
2580
2802
2771
2613
2855
2855
2687
3487
5065
3639
3041
2822
3870
3870
3204
2593
2884
2835
2617
2521
3174
27596
27314
3589
2998
2850
2850
2896
2693
2693
2693
3200
3399
3630
4155
2967
2896
3045
2791
3188
3265
2759
2642
2652
31438
2820
2597
2597
3039
2001
3015
3015
2891
2548
35355
2672
3689
3689
3229
2683
2683
2625
3152
2995
27767
2781
2781
2905
3122
3336
2719
36651
3019
3019
29047
2772
3043
3165
2884
4239
4748
7727
7727
8253
2933
2933
2957
33054
2312
3293
3610
3610
3686
2645
3755
5385
4308
4308
4143
66058
7577
12580
4209
4099
5208
4666
47285
33226
2958
3141
3505
3068
2892
2892
3101
4399
3006
3423
3609
4118
4118
5813
3063
2741
2741
3142
3682
3682
3601
2664
3826
3839
3839
3271
3020
2668
4900
3224
3642
3349
3768
26306
2982
2982
2658
2658
3105
3105
2943
2744
2744
28957
3351
26680
24305
2411
26421
34257
3202
2511
2511
3370
3975
11889
3125
3652
3584
4642
5915
3492
5610
30516
3700
2949
3367
2817
2817
3261
3136
2636
3669
4788
3420
2675
2964
2403
3072
3020
3110
3226
3527
3101
3101
2603
3109
26274
3145
3761
2703
2916
2749
3016
2231
23543
3006
2709
30407
2870
2623
2274
2388
2851
3240
2866
2337
2949
3067
3263
3981
6705
2621
3391
2890
3394
24964
3373
29104
3268
2424
3258
3149
3753
3212
2819
2915
2915
3443
3993
3993
3713
3713
3713
2929
2714
3072
1028
3216
3351
3648
2724
3784
5264
3279
3431
3431
4565
6076
3810
3810
3166
3166
27729
2947
2648
5564
2869
2926
2833
2848
2805
2976
2916
27260
28303
3437
3986
5029
3435
4495
5799
4013
3131
2851
3804
2953
3006
2944
2893
2721
3089
3089
3406
3895
3451
3256
3335
4401
8365
10474
3717
27117
29753
3882
4675
3330
3463
4095
3830
27460
3457
3457
5553
5553
3629
4255
4256
4256
3628
2816
2821
3122
26105
3803
3006
3006
2987
3698
3698
3037
3837
3837
3051
3042
3346
2788
3539
2859
2859
2532
4921
3566
4152
3799
31673
28194
3913
4446
2252
3892
875
3282
2810
2980
2713
3020
2817
26950
3662
2926
3348
3007
33324
2883
2971
2714
3003
29048
28792
3389
4665
28810
3313
3313
3138
3148
3662
3719
3107
32641
3571
25598
2956
3047
2860
24479
3257
4432
5511
2793
3315
4005
4005
990
3713
31545
3639
31869
3479
3705
3184
3392
3452
3983
7194
2966
3066
3066
3102
3102
4802
6452
3118
4817
2712
2835
2913
26582
2828
27404
3124
3099
2971
3317
3326
3326
3387
3595
3070
3108
3120
3848
3652
3204
3494
3494
4021
4563
3095
2876
2934
3109
2940
3525
2731
3281
4770
3062
29377
3204
2490
2613
2964
2718
3094
3515
3144
2590
2963
2837
32615
3346
3346
3777
3777
3151
3164
3362
3866
29638
3304
2791
2638
3341
3341
2806
3096
2938
2873
3017
2944
3086
3620
3679
3279
2617
2815
2567
3358
5536
4833
5364
3158
2788
2932
2946
2486
3115
3228
2872
2522
3125
3401
2893
2067
2867
32427
3544
3547
3547
3393
3677
3419
28278
3515
4113
3193
3193
3366
27891
4326
3766
3766
4382
3328
3758
3683
30787
3705
3944
3638
3638
3104
3047
3047
3415
5480
30553
3436
3964
5548
3163
4170
5960
3559
2868
3171
2830
3032
3449
2757
2757
2898
2780
2860
3683
3464
6649
4279
5796
4279
3430
3430
3686
3164
2870
27402
3038
2967
2914
26718
3105
3105
2983
2752
2752
3170
3170
2918
2930
3391
3394
29616
24394
4928
3031
25758
3432
2924
2813
2813
5671
2934
28474
2919
2904
3775
3129
3213
2915
2915
26510
3218
3013
3517
2518
3110
3110
4156
36178
3033
24975
2888
2394
585
3114
2754
2766
30587
3971
3525
3333
3037
3446
3129
4228
5160
6310
6838
8018
2955
2815
2782
26263
2736
2815
3330
3325
27365
3410
3393
3857
4514
27523
2787
1060
2855
3011
26429
3302
2844
3663
4154
26597
3686
4804
6462
3393
3811
3811
3322
2610
4229
3422
3206
3206
2876
3417
5418
5955
3372
3239
3239
3545
3543
4528
4528
4528
4043
3345
3345
2697
2771
2753
3882
3254
2850
3553
2844
3471
3471
3340
28229
3706
3849
2730
2604
3578
3131
4141
5628
3353
3044
2943
3406
3914
5907
4245
3529
4071
2861
3508
3508
3508
2947
2747
3125
3125
3109
3007
2892
2710
3149
3539
2846
3909
5083
4009
3528
3191
3022
25785
3069
24612
3107
3640
4906
6844
4363
34160
3850
4671
5817
9615
9615
9615
10724
6500
7646
4071
4071
3321
33237
31500
3321
3321
3845
3576
3649
3649
2831
3945
4474
3606
26571
3535
3384
3036
3036
3914
3914
28619
24607
3787
3787
3787
2936
2728
3273
3405
3031
3561
4644
3289
3183
3183
2952
2941
4000
5357
2774
3244
4212
4770
6309
9555
26683
3735
5834
26541
3851
2687
2641
3375
2960
2826
4463
25722
30718
3493
4560
6106
4582
3606
4901
4901
4275
4275
3404
3452
3520
3159
5302
6815
159024
4737
3185
3185
4021
3227
30118
3612
24419
3991
3080
26035
3349
2714
2714
2945
4101
3135
2995
4049
5839
5464
4543
3201
4638
4589
4589
3190
4356
3482
4140
4169
3260
3467
3135
3151
2552
2873
3166
2873
2873
3327
2993
3556
3556
25435
3310
3310
3933
4056
3438
2933
3168
2983
3024
2986
3313
2993
3378
3425
3392
2849
2849
3342
3342
3473
4533
6973
27719
3516
4236
5368
6959
4491
3125
3143
2999
2999
25452
3181
2853
2650
2397
2975
3507
5489
5903
4849
4317
2860
2962
2962
3076
3076
3022
3090
6337
3339
3334
29267
3129
3436
3717
9754
39770
8132
4158
2952
2642
3655
27263
3359
3864
2933
31915
3467
3142
3381
25591
2627
2855
3876
3609
3730
4799
4799
3084
3084
3693
4844
4844
6470
4844
3247
25342
3633
3633
3724
3724
3328
3789
3715
3261
2751
3232
3761
3834
4339
3831
4361
6060
2921
25884
3139
3953
5996
5996
4893
2974
3524
4471
3327
3460
25457
3413
2957
3079
3361
3361
3924
3346
2763
2763
3282
3195
3304
7254
7254
7662
10081
4695
3918
26077
4154
3181
3181
29658
3182
3160
35526
3576
3529
3818
3794
4414
4331
4958
2985
3097
3097
3220
3465
3465
4104
4707
5267
4183
30601
3437
3437
2886
2717
2987
3166
3113
3113
3636
27777
3244
3435
4279
3756
3461
2850
2850
3296
3296
2768
3288
3006
3006
3404
3021
3021
3034
6148
2748
27194
2644
32433
3195
3507
4040
6998
4022
3467
35997
3618
3513
130556
2955
2874
4433
2701
2792
26967
3404
3404
3059
3693
3588
2844
2607
2626
3289
3289
3252
3085
3046
3335
31301
3189
3469
3469
3688
3688
3144
3496
3181
3033
3065
3152
3402
3402
26595
3559
3559
3274
2865
32112
3402
4421
3830
3830
4253
3411
3411
3941
3373
3686
3835
4343
6722
8804
6704
3666
7695
3505
3179
2891
2891
3104
3628
3069
2954
3461
3018
3135
2929
2929
3013
3013
2915
3885
28722
3364
3505
2899
2958
2958
3545
3369
3171
3336
3336
5093
7119
6217
7265
3155
3126
31114
5894
3288
4193
4701
3294
28092
3000
3193
3718
3307
3830
4357
27694
1090
3743
3743
5041
3500
3090
3090
3439
3363
3031
3900
3900
3387
3517
36186
3571
3254
29147
3389
2929
2915
3129
3129
33881
4644
2967
2859
3185
3124
2886
3302
3302
3330
3447
4188
3382
3382
3377
3722
3808
2956
2813
3760
3099
3208
3805
26341
27499
3276
3333
4311
4816
2816
3470
3283
3404
2875
28860
3124
2713
2713
3124
3355
3567
3727
3214
3435
3025
3289
2933
33781
26715
3963
4227
3708
3412
3708
4352
6290
5646
3251
2954
3362
3883
3122
3122
4053
2869
26645
3465
5177
3729
3729
3250
4273
3723
3087
3463
3402
2633
5284
7694
7694
8300
8411
8411
3814
4859
4859
3771
3292
3275
4070
3601
3601
3361
3361
4156
3325
3325
3611
3277
3671
27733
3054
12894
9892
4767
8769
4111
3217
3854
4381
4997
5513
2888
2888
43845
2957
2933
3138
3129
3129
3634
2962
3994
6273
5586
5586
3147
3245
2930
2913
3230
2773
2773
3226
2824
3260
2898
29091
3068
3305
3818
4343
5972
3601
2819
3527
3225
3062
2977
3121
3422
2983
3495
2767
27253
3232
3012
3132
3181
3710
3093
3391
29092
2796
28248
3292
3799
3474
24153
3406
3485
3364
2833
3241
25575
3425
4483
6440
3591
4119
6460
4971
3904
3738
3180
3703
3514
3888
25895
3174
3187
3409
3141
2999
4560
7199
3736
2799
3183
3231
3412
718
3502
4833
9161
28250
3376
2869
2869
3306
3200
3160
3078
3283
2781
3841
5812
4915
3442
3442
3476
3080
4399
4610
6605
5522
4186
3544
3544
3103
3166
3155
2952
2952
3109
3309
3309
2816
2816
3617
3507
4028
4611
8392
8392
5552
883
32245
35850
5041
4891
4891
3407
3104
3079
3506
4205
4116
3316
4886
3635
3061
2809
4565
6303
5983
2994
28476
3302
28193
2949
3473
3324
3697
3262
2980
3220
4806
6383
28646
3278
3207
3484
3484
3347
4394
5878
4631
2708
3863
3863
2913
2913
3157
3680
2990
3211
3412
3412
2761
2761
3546
3386
3453
2753
4052
5854
29316
5278
3095
3095
3622
3338
3327
2729
3320
3320
2886
27713
4125
26673
2690
2977
3288
2787
3032
3032
2720
3342
3659
4178
3221
4281
4813
6664
4133
6625
27347
3336
3201
3720
3134
3134
3559
3506
3457
3977
3977
30980
4908
4908
4578
4578
3190
28061
3509
4606
6102
6625
3084
2883
2905
2905
29361
2977
3523
3523
4083
3228
4138
5171
3405
2928
2686
3279
3365
3365
3882
3007
3007
4191
4191
3439
4749
6148
3021
3825
5860
5860
4310
4989
5581
4016
30404
4690
4503
4292
4068
4089
4089
3007
8214
7076
4410
4410
30330
4114
2704
524
2828
3563
2854
3782
3341
33731
3280
3280
2733
3154
3154
3119
3117
2852
2852
3149
3673
4203
3151
34395
3397
2950
3479
3402
3100
3269
2774
3480
3970
3970
3389
3896
4416
4792
3256
3085
2911
3286
3498
3525
3103
3607
3624
4374
4465
3162
2570
3621
3621
3625
4575
3337
4398
4645
3140
3041
3546
3546
35397
3703
27835
3786
3131
2868
3399
3539
2887
3404
4073
4073
3804
3476
4002
3504
3954
2646
28946
4294
3574
3574
3922
3348
3501
3501
3501
3079
3609
3031
3081
3604
4614
6363
27505
3202
3211
4339
6128
7719
10250
34132
3473
3076
3398
4294
3697
28041
2912
2754
2754
2779
3220
27392
3121
3242
3268
3016
2983
3001
2972
2972
6280
7494
25556
25672
25672
25672
25672
25672
34387
30144
3693
3693
3148
3148
3366
3896
3599
3890
3890
3890
27732
2735
3371
3371
4032
3900
3157
2875
4539
6448
3404
3251
2732
2732
3051
3051
2994
1527
2690
2924
2750
3040
3054
4125
5961
6486
7218
3786
4311
3226
2854
2854
3133
2796
2796
4096
3139
3540
2863
3223
3388
3011
3011
3320
2954
2954
3379
3080
3339
3272
3133
4229
5667
8350
4789
3370
3899
3758
3589
3642
3642
3488
3586
36610
3990
4535
3406
4668
4668
4344
28769
3556
3420
4054
3463
3310
3388
3388
3583
2806
3424
4956
4002
4139
4070
3210
3127
3039
4054
3216
3216
3047
3468
3468
28000
3104
3265
4374
6530
2984
3014
3309
34278
2865
3419
2922
3039
3954
3363
3407
3290
3290
4325
28080
3733
24791
27189
3512
3518
3654
4006
3103
2812
2812
3127
3098
3627
28652
3051
3051
3134
3127
3423
3423
3936
3951
3004
3682
2796
3402
3314
5014
6650
3600
3546
3546
4668
3171
3090
2898
3264
3330
3330
3861
2970
2970
3498
4996
26734
3642
6272
4081
4606
3713
3401
3452
3560
2855
4052
5171
3464
28137
3890
2971
2971
3463
3990
3967
3216
3216
2931
3368
3660
31887
3484
5027
7230
9905
4465
3804
3217
3138
4175
6265
7166
3348
29271
4434
4181
5751
6244
7828
32750
3861
3861
3645
3791
3274
3778
2957
3110
3880
3294
2557
3585
1000
4151
3998
3077
3517
3763
5243
41641
6171
32128
3776
33324
4018
3720
5592
7541
5571
3380
176554
3548
3353
3147
3683
3599
3226
3609
3404
4466
3620
3540
3186
4420
33240
6842
3539
3685
3020
3301
3364
3364
3045
3842
3167
3159
30809
3082
4575
7738
4032
2907
28271
3096
3516
4024
4024
3945
35851
25498
3340
3340
3750
3991
3290
3290
2998
3525
3525
2907
3083
3274
3374
4023
2892
3509
3329
3171
3313
43145
4414
4628
6561
9402
11143
3845
3545
3650
3650
4199
3971
4459
4022
3322
3852
4377
5071
2982
3963
3461
2871
2856
3228
25055
28596
3239
3424
2994
4689
28872
3681
3681
3383
135329
23512
3181
3430
2899
2899
3496
3393
4096
3676
3636
4600
6326
3171
4579
25814
3180
33043
2765
32250
3263
31815
26962
4448
5540
8003
9075
3789
4318
3894
3375
3042
3547
3547
3984
5620
8004
4501
3272
4083
4550
4550
3132
26673
3152
3679
4016
4016
3574
3516
3574
4791
4791
5348
3827
3862
5005
5628
10242
8415
4210
6521
5492
30306
5377
4111
6587
9031
9557
4845
4873
5541
4961
4489
5721
5144
5261
3912
3904
4867
4122
3924
28768
4056
25044
29264
5221
3957
3846
35120
3916
28313
3953
32766
4899
4899
4899
4445
4445
3977
3326
3854
3338
3230
4836
5367
7492
4281
7694
4438
3803
3279
3350
3499
3888
5581
8058
4716
4716
6742
8881
10930
12814
3444
3691
4261
4048
29251
8992
28189
4142
3757
3816
29425
4072
3553
27034
3253
3253
3628
3176
2925
2986
2835
3040
3574
29987
3376
3583
4479
3969
3605
3608
4677
6715
3965
3757
3757
3157
3696
3101
4133
6179
3671
3308
3528
3487
3048
3373
3898
3384
3476
5044
7360
4374
28306
3810
3367
3899
3420
3039
6506
2998
3753
28501
3773
3160
3165
28573
3254
3260
4028
3613
4145
4412
6940
3565
30307
3565
31787
4007
3741
3937
3937
3235
3243
2996
4235
3405
3405
3013
3013
5440
8009
3363
3363
29522
3477
5047
4145
4682
3516
29086
4578
4404
5168
8013
8013
9181
4546
4004
4440
4355
5875
5021
29676
4172
27248
5011
4177
5240
4593
6628
7144
9244
5269
7017
4921
5220
4947
5057
5194
6261
6767
8752
12881
35748
3777
3686
1196
4612
3084
3787
3787
3374
3489
3007
3359
3586
4117
2646
5388
3136
3698
3409
1954
3271
2872
4450
6241
4174
3482
3295
3431
36861
3526
3526
3937
3356
3946
4318
5302
2923
3444
3687
3419
2875
4939
3170
4174
5158
5158
6199
6185
3502
3761
5343
7974
3824
4690
3688
3266
3818
3580
3580
3329
3833
4171
3581
26383
3293
3970
4496
26610
3671
3989
4252
4776
3658
57033
29998
33999
57033
10913
10913
11791
4223
5167
48930
4033
3357
3562
3215
4214
4253
4253
3692
4827
4895
5424
3596
4125
5269
106645
76698
4068
5913
8005
7938
3797
4336
3744
3532
3264
4450
3418
3956
4586
4095
4449
4497
4253
3081
3611
5099
3799
2581
26780
4780
3520
4027
28988
3362
28181
4296
30955
4165
4008
3690
4304
5990
9300
3219
3746
3534
3329
3180
3122
3575
3225
3283
3147
3147
3629
3180
3021
2975
28452
3011
3158
3075
3342
3737
4264
4925
3244
3769
4016
3210
3152
3322
27709
3511
3511
3009
3839
3480
3515
4114
3501
27918
4114
3975
4016
3025
3755
3589
3033
3335
3838
3956
26488
3407
3475
3475
3472
3819
3881
3823
28733
2820
3702
3780
4283
3827
4320
4655
3159
3694
3761
3761
3680
3828
3793
5646
8148
4124
4526
5775
3541
4466
5298
4587
3944
3944
3007
5452
6654
8796
11141
13234
3794
4218
3788
4087
3981
4201
4601
5651
3294
4562
29295
25226
34120
3809
4341
3399
3408
3933
3759
3759
3045
3045
4598
4598
5128
3373
3516
6832
7369
7369
7885
29961
3355
3884
4408
3253
3956
4471
3241
4169
2922
28835
3166
3366
3209
3692
3500
28962
3514
3790
3790
3506
3312
3444
3467
3561
4589
6968
9269
3558
3399
3238
3343
3883
3064
28573
3172
3032
3032
3567
3296
3887
3422
3422
3558
3314
5711
29934
4045
3969
4492
3427
3566
3916
3686
3242
27041
3448
3218
3172
29118
3898
3568
3690
3690
3540
4105
3709
3976
3879
3948
27761
3358
4641
7004
3539
3946
3500
4370
3419
3892
3543
5447
4720
3130
4173
4173
3745
3113
3536
4059
28055
3402
4614
4994
7012
4012
3457
3987
4536
3920
4486
3414
3781
3781
3082
3387
3785
3881
3804
3730
3672
3473
4003
3934
5018
3382
3950
3308
47367
5197
6400
3215
4441
3868
4403
3945
27775
3411
3631
4350
4696
3769
3151
3681
3736
3251
4178
4113
4113
4049
4175
4175
3630
3374
3902
3469
3957
4228
4138
5780
8043
6924
8539
3032
3032
3076
3342
3342
2945
3643
3481
3292
3175
3322
3650
3403
3336
3856
3816
3298
3099
3605
3462
3758
34778
3335
3074
3610
3610
3696
3234
3301
3147
3273
3415
3415
3269
2930
3324
3281
3808
3206
4010
3066
4509
7128
3622
3148
4249
3263
30045
3388
2759
3555
3441
3965
3648
3713
3713
3322
4233
3995
3459
6056
6056
39946
6644
7149
8716
5057
9723
32213
4007
4514
5221
4334
30681
3568
3311
3902
3329
4556
4136
4095
28372
3449
3004
3530
3273
4094
5129
3007
3725
3745
4159
3046
32232
4077
3798
4922
5870
8204
3867
3261
3803
3258
3483
4009
3576
3792
3573
4730
5928
4472
5218
6226
4913
5857
5498
4583
4665
4665
29355
8566
8947
4437
5497
6268
7364
8374
10487
7892
4941
4868
6928
6928
7844
7844
5486
30199
6154
6154
6362
6387
7241
4994
20832
35260
22262
11254
19628
22102
19224
17931
8063
50282
5283
5927
5304
6723
4752
39269
4768
7747
10096
10635
11718
12791
4622
30880
11563
35661
4754
5274
5316
5908
4683
4085
4230
6040
9573
6159
8052
4844
4989
5494
3636
4494
6657
8846
28513
3162
843
4495
4593
3996
4872
5983
8534
6068
5287
3708
32850
4887
4438
3527
4001
5080
3772
4318
4014
30475
5283
5911
5911
3572
3447
3989
4274
4265
4791
4275
4275
4699
4472
6638
3874
3516
3689
3550
3885
3478
5678
8681
4167
4339
40822
3702
4096
5025
4225
4284
3975
4494
26819
3420
4000
4041
4611
5047
4869
5617
4950
5251
5251
6171
4968
5475
6139
4720
5043
4435
4084
4567
6216
5792
7721
4823
4884
28871
4881
4857
4768
4479
1327
5518
5376
5202
6037
4482
5494
3424
3559
3895
29683
4308
5115
3925
4405
4323
4095
3324
8782
31769
31984
3953
4489
6173
6173
3549
4140
3510
4293
3333
4834
5858
5858
6541
4781
4834
3622
3622
1044
3823
4316
5506
3517
4005
4510
25198
3415
3937
4451
3838
4263
4263
3795
3669
3669
3606
4140
3688
3688
4749
3555
3747
3060
3191
3305
3881
26229
3333
5361
7628
3762
3376
28925
28822
3602
4393
25561
3615
4449
7397
7397
7397
3478
3654
4094
29555
3399
4833
4416
33217
3374
3921
4148
3904
4060
3886
3709
3792
3792
4037
4818
3558
4996
4197
4027
5402
8653
12132
6108
6478
3384
3429
3537
3996
5214
4483
4483
5018
4421
3227
3449
3974
3689
27595
26120
4334
4064
4005
4005
3562
3216
27722
678
3827
4354
4272
4790
3938
3401
5297
4062
3737
4038
39704
4418
4403
3710
3652
3396
3109
4976
7997
3946
3845
4481
3610
4137
24247
3447
5030
5938
8081
3086
3202
25156
3732
4173
4173
3913
3958
3932
5041
3570
4097
3600
4130
4419
3401
2985
3282
4342
4342
3654
3914
4922
5531
4253
28750
3162
3683
4306
4377
3534
3534
3519
3712
3394
4277
3694
3694
3383
3366
3123
3123
4122
4650
3734
5754
8201
3468
3468
2500
3137
30304
3455
2974
3046
3348
3595
3689
3498
3304
3824
3843
4055
4582
3777
3213
5379
7362
9294
5848
3554
5108
3761
4854
5796
8466
31346
3569
4106
3915
3596
4534
6172
27295
4462
3999
3435
5844
5389
3276
3276
3866
3961
3505
3183
3075
3984
3133
3774
5246
4822
4758
3904
3794
4767
5925
3915
4325
4226
5571
28035
9535
7334
5795
4757
3931
3997
5082
7219
26121
3783
3227
3997
4525
4906
5433
5522
3570
3775
4240
3556
3393
3154
3265
3330
3511
5091
6859
10237
3021
4843
30823
7015
4706
3508
2969
3589
4665
3307
3841
3915
3832
29106
5722
5722
5194
3324
3855
34996
3223
3526
3538
3235
3922
4446
3476
3066
3466
3220
3550
4074
3863
3863
3185
24737
2999
27933
3851
3391
4986
5511
6040
7747
3716
32017
3725
3635
3552
2679
3770
4319
3742
3039
3564
3041
5875
4250
2807
3592
4123
4200
4344
3412
3945
3288
3848
5287
7470
5708
3068
3675
4452
4187
3725
3725
3724
3929
4985
3093
3230
3779
24483
3792
3415
4320
5062
5602
4390
26325
4358
4017
3919
31700
3944
7852
26552
3337
3170
3110
908
6373
5383
7646
4115
3934
5373
29253
4082
4624
4566
3207
5023
5859
6137
4051
3367
4550
3168
3555
3555
4323
3812
3674
3769
3591
3838
3469
4533
7543
8508
5447
5447
3313
46257
3686
4214
3528
3657
3438
3992
3201
3698
24305
3280
3785
3412
4210
3818
3357
4406
4250
4260
4965
3383
3918
4452
4295
3431
3431
4486
4404
27236
3333
3333
26328
4271
6826
3758
3439
4475
6994
3820
4412
4918
3767
4271
4019
3179
3717
4244
3410
3939
3177
3826
4350
3197
3757
3363
25733
3747
4431
4937
3337
3112
3766
3319
5559
7820
3216
3342
25643
47652
3297
3661
26945
3600
3435
3408
5313
5313
4414
3378
4991
4215
3583
3764
3342
3927
3580
3901
3698
4291
4022
4010
5821
6832
9302
4001
4219
3905
4215
4215
3207
3627
4646
3559
3508
3692
4286
4278
5330
3452
6564
9091
7218
4298
35167
29051
4125
25865
32885
7896
10463
10812
14106
8605
4977
4362
30240
3404
4279
3759
3694
3545
2703
3475
26937
3462
3531
34657
4129
3320
3320
3823
3440
3071
3599
3772
3456
3305
3283
2942
922
3040
3564
5030
6456
9234
18394
5585
3931
4429
3007
3270
5097
5670
8173
10750
4010
4518
5043
3812
3356
3644
4159
3619
3288
3560
3560
3620
5345
3630
3132
4681
3527
32347
3676
3733
27797
3788
4308
4832
3291
4970
7432
4690
5215
3779
3263
3335
4009
3189
3336
5546
6052
9426
5768
9017
13524
3537
4064
27744
3579
3391
4323
5349
7982
32834
4138
25307
3693
6353
8495
3525
26497
4413
23666
3600
4327
27957
3943
4600
3085
3608
3451
24726
3338
28064
3291
2921
4183
4564
3859
4387
3573
3862
4398
28963
3882
4409
3699
4215
4104
26954
4114
3841
4522
4567
3367
4097
3948
3895
3479
3479
3403
3471
4462
6232
7043
9496
5056
5056
3995
3571
4059
5085
3055
3559
3630
3677
3373
3772
4308
3552
4413
7370
9213
10328
8329
40224
979
3804
4333
3527
4151
4682
3553
3152
3677
3721
3116
34942
3911
3602
3546
3700
3700
3367
4166
4197
3726
3501
4864
3245
3325
3707
3479
4555
7030
8605
3424
3771
3771
6009
9133
5249
5773
3448
3977
3977
2855
2855
26975
3754
4279
26003
34687
6076
3977
3977
3382
4180
4689
28578
3046
3635
3559
3588
3493
4064
3661
4191
4861
3312
3513
3182
3674
3674
6354
9462
7986
10972
14371
5859
3777
4302
5005
6582
3613
4217
3270
2676
4097
4415
6078
4068
5884
8052
3611
4888
3150
3687
4219
3966
7126
4075
3920
4745
4016
5804
6318
9600
3623
33569
4486
2922
3020
3541
4069
3192
3417
3349
2680
4006
5183
7756
8816
3399
4255
3547
8358
11031
13680
12243
33128
27131
4412
3188
3188
3078
3644
3689
3689
17267
3352
3364
2827
3503
3346
6576
3175
3698
4216
5319
3091
4084
3400
5439
7549
9605
3031
3547
3547
4748
4160
3125
3309
28887
4774
5322
4746
7176
10404
4333
4046
5676
3924
5269
35589
3223
3341
26536
3901
4437
