overallTimer := time.NewTimer(testDuration)
maxId := 51476
src := rand.NewSource(int64(maxId))
zipf := rand.NewZipf(rand.New(src), 1.5, 8, uint64(maxId))
Hello????39.718
33.1985
41.9778
28.271
33.7346
34.2131
30.62
30.8879
30.8451
28.1873
28.6812
24.6936
33.075
37.7977
32.9338
35.3218
32.8284
39.8629
36.8455
35.7396
42.7321
32.6076
39.0713
50.0544
38.9305
39.9234
31.3892
32.9144
47.4533
29.6176
39.6605
32.5499
40.0932
38.0296
40.2864
28.0138
36.158
28.6256
39.714
29.0109
37.6111
32.5136
58.0814
31.2018
35.1147
41.964
32.0981
50.5401
48.2006
48.9369
52.8688
74.8055
