2024-04-12 10:02:02.0992519 -0400 EDT m=+0.002553801
12264
3643
3643
1668
3036
2309
3388
2054
3592
6378
1658
6512
3317
3452
3834
2069
2595
2118
2162
5772
5772
5772
1550
2623
3152
3152
3911
5267
3937
5789
5789
4341
4887
3344
29543
4289
4064
4755
4816
5491
25527
4334
4520
4334
4334
2259
8183
8016
8016
8016
2218
8540
2218
3887
24287
1099
2851
2683
2851
2851
2683
3403
24337
517
3799
1929
1929
3841
3841
3910
3910
3841
62216
5544
5544
5544
24472
21842
2653
3179
3179
3179
3179
3179
3703
3703
4228
4758
25077
4832
5368
5368
5368
2626
2626
2626
3147
1736
1736
4829
4829
5856
6275
6275
2086
25219
171204
171721
175101
6297
6297
6297
6297
6297
2882
3941
4468
4468
4468
4983
3981
3981
6347
6347
4507
2921
1562
3097
3316
3316
4384
4527
5300
5300
5808
5808
4952
27261
3816
3816
3816
3816
3816
3816
1591
2134
2121
35994
5598
5598
2210
28928
2474
2474
2474
2474
3000
3000
3000
3522
4567
4567
2129
22731
26324
2043
134614
138311
2372
2372
2394
1767
2287
2287
2287
1744
2219
2927
2927
2927
2927
2927
1687
1687
2313
2818
1685
1685
2051
3065
3231
2985
1925
2035
1770
30574
3003
2053
2053
2671
2580
2132
1920
30961
2093
2619
1901
1901
1717
6214
7541
7272
9125
9125
2360
1988
3172
3172
3172
2665
4054
4251
4838
2801
3012
2953
2953
2173
2204
2093
26439
1754
2175
2175
1904
1904
2080
1829
2580
2580
3116
3116
3116
3116
3116
3116
2138
2138
1884
1904
1904
30621
2489
3347
1698
2879
2879
2879
2879
1833
2357
2128
2219
1758
1631
1631
2728
2728
1889
1636
2752
2038
2038
2567
2567
2032
2032
2167
1065
1716
2450
2450
1486
25778
1992
1972
1936
1856
1989
2332
25027
26647
2124
2124
2124
1544
2887
2887
2887
2887
3435
3435
3435
2340
30030
26361
2337
2078
3827
3827
4702
5206
5206
1835
1936
2741
2530
25771
1749
1946
1816
24938
1999
1981
1766
2221
3803
3803
25789
27249
2707
2707
2707
2707
27304
2511
2511
2585
1868
1871
2146
1831
1765
1783
1783
2025
1826
1798
1736
1881
2515
2515
2515
2714
2052
2093
1863
2629
1981
1984
1984
26519
1911
1911
1986
2175
3260
3260
3260
3260
1757
2265
2953
2221
2221
1931
1750
25997
1821
1763
2386
1706
2230
29873
1968
27117
2212
1850
1856
3179
3179
2342
2342
2062
1962
1763
2126
4673
2818
2818
2818
1915
1915
23181
1655
1899
1795
1878
2499
2499
2499
1764
1764
2019
1897
2187
24152
1765
1667
1866
1866
2427
3055
3055
1574
2164
1964
1885
2389
1676
2388
2388
2018
1860
1953
1687
1687
21898
1779
26673
37968
2090
2090
2126
2488
2488
2488
1832
1832
27120
1808
2111
2111
31753
1973
2318
2318
3276
3374
3276
1811
1797
1797
1816
1939
2290
2290
1881
1815
28213
2309
2096
2064
1826
2289
1782
1893
2757
2757
2344
2870
2870
27826
2694
3679
2202
2229
1579
1886
1824
5573
1939
1981
1981
1734
1813
2083
28209
1965
2121
2121
37147
1808
2099
1907
2086
1799
2537
2537
2537
2072
2072
1860
1728
1728
1728
2311
2311
26472
2047
1688
35883
1729
2165
2235
1998
1853
1853
2788
2788
2788
1760
1855
1327
1615
1800
1848
2081
1909
1840
1921
1696
26037
1988
2656
31490
1804
1821
1979
1756
1937
1680
2462
1911
2172
2236
2507
2507
2507
2818
2818
2114
2354
26898
2423
27219
1948
2073
1833
2342
2342
2589
2065
1915
2436
1964
3288
32257
1993
2226
2074
1800
2008
1268
4763
2000
1927
3131
3131
3131
2020
26077
2008
2096
2102
1951
33367
2184
1901
2063
45492
1924
2029
22903
26275
2109
2123
1621
1913
1949
1886
1886
2233
2233
2220
28030
3747
3747
3081
2545
1856
2060
3555
1565
1590
1576
27830
2306
2143
2077
2461
3108
1901
2887
2181
2155
2434
2434
3081
2579
1885
1853
1862
1862
2229
2945
2945
3207
1791
1712
2628
2628
2628
2763
2296
1995
2018
1837
1992
26408
2343
1904
2044
2044
1944
2086
2613
1781
2150
1737
2016
1974
1988
1978
1924
2135
3301
1929
4444
1646
1841
1619
1619
1849
2392
2392
1918
2201
2038
24389
1897
1897
1991
1864
1788
1788
45113
2127
1620
2334
1792
1729
1564
40956
1743
1963
1744
24147
1919
28290
27010
2393
2393
2393
1940
2040
1804
1804
1968
27063
1827
2280
2221
2221
2221
1658
1736
2127
1785
2329
2329
1828
2154
1803
1810
1695
1695
25570
2393
2393
1594
1763
1964
1964
2219
2219
26231
31148
2246
1809
1822
2592
2592
2592
1900
1906
2143
1841
25502
1921
2714
2714
2156
1747
26339
2050
1896
1678
22338
1874
1902
1827
2331
1758
23200
2216
4696
2591
2591
1950
2568
2568
2151
2681
2681
1888
1888
2158
22634
2573
2123
1867
1981
46239
2104
1871
69429
38414
1856
2427
2427
1737
1960
28180
1667
2129
2050
1811
2026
1949
2036
2134
1867
2201
1837
1831
153172
73920
1868
1624
1597
1573
2099
1977
1912
1919
2093
1950
2353
2259
1654
1654
2490
1873
2028
2443
2274
2393
2021
2104
2221
3234
1763
2423
1965
1956
1849
1906
1966
1857
1485
846
1940
2108
2554
2554
3366
3182
2708
1773
2075
2155
1814
1788
2431
1505
1906
1899
23120
2054
1744
1896
1829
2261
2969
25019
24749
2960
23533
22149
2070
4304
2190
2881
1961
1999
1833
1960
1788
25717
1880
1977
1977
1780
783
2402
2402
2094
1955
2436
2436
2436
2082
2088
2200
2200
2200
1874
2513
1928
2173
2173
2008
1759
1715
1817
25954
1886
28104
1835
2106
1792
1822
1931
1491
524
22334
689
21603
1897
1897
32278
1859
2294
2294
1825
1863
1863
2669
2102
1727
1727
1865
2377
1561
1561
31699
2291
2224
2096
1718
2046
21536
25398
2835
2835
2835
26830
2125
1795
2156
1968
1811
27599
1773
3282
3282
1890
2087
2016
2312
2001
2027
26258
1774
2237
24618
1892
1892
2022
2514
1807
2373
2384
2627
2627
2772
2509
1940
2084
2174
2824
2824
2715
2274
1778
2094
26189
2116
1912
4406
2411
2945
3090
3090
3090
2077
1795
1827
28016
1828
1959
1818
1966
1750
2086
1958
1958
2224
2118
1852
25761
2027
2396
1829
1665
2219
29328
29451
26305
2044
2011
2034
1967
1962
2468
11112
2053
1841
2208
29000
2886
2186
1873
2085
2085
1859
1859
2486
1693
2169
2229
2347
3220
3220
3220
1884
1840
1903
2018
2255
1715
2746
632
2877
2877
2877
2302
2276
2493
2624
2156
31436
1821
2053
1289
506
2432
1745
26641
34075
1807
1626
1626
1823
2329
2035
31777
1890
1821
1817
26400
1865
1987
1909
1838
1927
2003
2607
1946
1921
2102
33989
2104
1560
2015
2073
2073
2046
2091
2091
2130
2189
2544
2544
2614
2052
3753
25535
1852
1852
31411
2139
1824
1762
1730
1730
2033
2033
1829
27750
1980
1980
1980
4321
1981
30669
2475
2475
2996
2503
2954
4051
2103
1575
1779
2253
1873
1784
2563
1712
1768
3095
2009
2009
2291
2102
3398
3487
4572
2106
2753
29116
1828
1828
2087
2121
2121
2112
1916
1916
2478
1824
2093
35413
2768
2005
2005
2749
2749
2278
3960
1908
2223
2282
2282
2807
2166
2277
4084
4084
3247
3247
32008
4631
5394
3231
2319
2319
41693
3025
3025
2196
4806
2984
2163
3030
6386
2406
2163
2797
2797
1928
2099
2833
2507
33777
39970
3378
3378
2108
2547
2777
2873
2873
2873
2443
2629
89384
2261
1964
1849
1869
1869
1869
2079
2079
1871
117250
1994
2890
2890
1959
1845
1845
2283
2091
2225
1943
1845
1860
2527
2527
2479
54096
1877
2025
1685
1646
1859
1817
108036
1873
1868
1660
1660
2319
2253
2253
2774
2774
1851
1827
2113
2235
2018
1968
3265
3265
3265
3265
44942
54399
2582
2582
2159
35961
2139
1862
2053
2222
2222
2222
2173
1799
1861
2062
1757
2127
1762
46352
1844
1844
2302
2186
2545
2545
2545
79293
2094
27431
2228
2708
1020
3599
3956
2706
2367
1574
2397
2800
1921
3172
1922
2050
1878
28931
2050
1843
2383
1437
1771
1046
2107
1552
2473
2382
2473
2006
1728
2355
1904
1921
1843
2276
2521
2418
2521
1895
2262
2199
2381
2381
2040
2535
1981
1952
2221
1998
2090
2090
2090
2103
2103
2305
2681
2209
2015
2427
2179
2130
1993
2519
1987
1918
2579
2602
3156
27698
2271
28453
2504
1929
1753
1929
2114
1814
2388
2388
2511
1822
2867
2867
26908
2971
2533
2391
2377
2346
2346
43337
2227
2272
1721
1612
42360
4861
4861
2176
1827
2121
26795
2025
3044
1866
1866
2444
2069
2019
2466
2114
2767
96102
3882
2059
2059
2110
2120
2062
2240
2098
2495
2608
2022
1787
2195
3082
2520
2033
2030
2015
1715
1932
1932
2463
2165
2085
2085
2101
1978
3820
13004
50217
3168
1798
2088
2088
26196
1868
2519
2519
1944
1925
2186
27160
2056
1957
2350
2342
2342
1847
2072
16665
2567
2494
2185
24684
1555
813
2015
1891
2221
2056
24711
1985
1985
2245
2245
2313
1946
31087
2098
1965
1965
1833
25564
2322
2004
25608
1927
24537
2379
1964
25129
2002
2235
2160
1858
2433
4913
2351
3147
2115
1545
1639
2147
2107
1746
26454
2388
10432
10939
2032
2492
2875
2398
2099
28729
2289
2289
2366
2002
2411
2387
2068
1974
2142
1892
1965
1796
2001
2027
2129
1836
2824
3343
2391
1881
28244
2521
2521
1898
2112
26136
1932
1996
2460
1774
2660
2660
2616
2616
1797
31581
3043
3043
1831
1907
2294
2043
1974
2031
2054
1983
1833
2146
2368
2374
1777
28036
26461
2058
2158
1858
1858
2202
2321
2321
1843
2006
1781
1781
1997
1695
29962
1841
1917
2326
1717
2073
2061
27069
1976
1976
2288
1958
2119
2051
1959
1850
1800
4862
4862
4862
4862
1842
25358
2196
1882
1996
2520
2088
1895
1996
25601
2159
1835
2102
1531
1952
1959
1869
2080
1986
2008
2574
2207
1810
2050
1978
2019
32375
2075
1866
2166
1924
2409
2586
2586
1643
30175
1795
2300
2151
29726
1913
29322
1894
2396
2560
2560
2284
2811
2026
1622
2245
2115
2618
27761
3146
1977
1977
2507
2592
2803
2173
1891
2052
2505
25937
2128
2661
2661
2404
1944
1962
1962
2542
27586
29901
1876
1876
1846
2037
2151
2151
23876
1960
2186
2204
2204
2106
2063
1987
2107
2327
1821
26395
2188
1814
3636
2511
5066
2429
2166
1848
2184
2333
2691
24202
2364
2080
1966
24452
1963
2103
2145
24299
2105
2139
2376
2113
20803
2154
1940
1896
1989
2416
20987
2478
2981
24797
1937
1924
1924
1985
2027
2093
2181
2219
1786
2421
2421
1958
2134
1753
726
2976
2300
2755
2449
2029
2493
1837
1943
2212
1844
22134
2275
2115
1860
2365
24054
2715
2949
29450
1880
1809
2024
2562
2562
2353
1511
2163
2656
2656
1508
2452
2635
2635
2007
2007
1826
33591
1924
2013
2111
2026
2560
2084
22037
1961
2691
3196
1947
2556
2413
1980
1942
2107
1999
1999
1999
2368
1897
26119
2446
3255
2213
2242
4602
1893
1893
2140
1605
1605
1598
2105
2090
2087
2139
1787
1763
1763
2051
24260
2232
1777
2133
22209
526
2161
2083
1811
2028
1780
2660
22156
24976
1826
2100
1907
1922
1922
2241
3303
2779
1907
1949
2084
2012
1911
1911
2250
1886
2631
2631
2058
1932
38053
2007
2007
2007
1917
2018
1806
2353
1602
351
2359
1666
1666
2200
2201
2651
2651
1913
2359
2136
2030
2607
2379
2004
2210
2210
2420
1895
1803
30843
25619
56887
7883
3507
2193
1213
2353
0
1830
2356
2356
2374
1938
1910
1876
5814
2441
2467
1966
2005
2183
2125
1859
1859
2682
31648
2907
1604
25005
1959
2064
2419
1877
2457
2478
2321
2128
2206
2542
2542
37620
2736
3262
2387
1900
1828
1739
880
2035
2035
1680
2095
1884
1808
2355
2185
2284
1998
1981
1745
1931
26312
1868
1868
1958
1958
2409
2322
1993
2417
1907
3169
2169
1995
25102
1981
1856
2125
2095
2018
1910
1904
2489
2367
2367
2845
2163
2727
2638
2638
2638
2219
1828
1974
2515
2356
2970
2455
25220
2392
1801
1394
1948
1991
1743
37406
1923
2102
2102
26364
1838
1645
4743
2316
2158
1975
31850
2303
1995
1995
2117
2165
1930
2061
2317
2058
1947
2079
2375
2159
2552
1982
2212
2189
2375
2465
2034
2028
2423
2026
2026
2786
2119
2119
2236
2120
2096
2028
1583
2070
2239
2334
2257
2063
1735
1931
27227
2202
2029
1912
1912
1912
1694
1849
1889
28381
28902
2233
28244
1839
2441
2363
2189
2032
2144
2174
2306
2142
1953
1794
1876
42291
2282
1686
2229
2113
2070
2408
1826
1989
2073
29777
25693
1738
1738
2315
2845
35201
2489
26988
2709
2523
2523
2530
3060
2422
2392
2040
2018
2018
2522
54600
4404
4355
28183
2460
2559
2092
2092
1986
2069
2033
25323
2049
2400
1906
2009
1690
2174
1907
1840
2222
2116
2660
2660
2404
2954
2250
25086
2055
1997
2087
2815
2521
1904
2060
2037
2771
2106
1802
2182
1907
22895
31919
2428
2948
2269
2398
2326
2078
32421
1981
3286
2444
2444
1891
1891
1964
2013
25048
24468
2777
2131
2131
27921
2179
2179
2465
2984
2081
2611
25965
1928
2053
2053
2762
2762
2289
1994
2432
2227
1918
29729
2340
2057
2276
32894
1616
2071
1933
2184
9176
2414
2231
2840
2120
5227
5227
2137
2761
2017
1890
1890
2110
25634
1929
1990
1990
33600
2056
2418
2104
2290
1637
1583
908
2714
2714
2125
25597
1849
31153
2142
1965
3088
3088
3088
32519
2751
1955
3317
3317
2022
2505
2705
2705
1881
1881
2407
1973
2389
2804
2710
2710
2045
2608
26235
2413
2937
2937
1989
2006
1916
2319
1944
2114
2265
2799
1953
1880
2030
2121
3329
26100
1868
1868
1995
1967
4519
3324
30973
1885
2013
2423
2437
2868
2781
2123
2123
1882
2846
2205
1867
2207
2718
2651
25871
6975
6975
28639
2003
2210
2059
2221
2527
2216
27228
2274
2410
27964
4047
4115
2372
2155
2535
30413
2258
2203
2203
2786
2431
1982
2157
2027
26103
27509
2774
2774
1933
1927
2361
2288
2010
34011
1999
1690
2197
546
2275
2064
2171
2672
2132
1830
1840
11097
11298
5143
5143
3137
4427
2699
2755
25839
2430
2313
24882
1978
2152
2087
2087
24650
3037
3171
2059
1957
2176
2225
2081
24308
2002
2512
2695
2038
2136
3195
24654
2281
2281
21301
24911
1967
23651
28034
1984
2472
2269
2664
2664
2664
3216
2510
3723
1976
1983
1975
2072
2788
5615
5615
5615
2112
2099
29044
2198
1923
2688
2081
2926
2926
2102
2030
2030
3690
2482
2548
26997
2020
20685
2448
2072
1897
1879
3269
2404
2558
2312
27274
2770
2770
2392
1899
1986
22548
2178
25301
2193
1891
1949
1955
1955
32050
2185
1792
2464
2716
3221
3221
3404
30491
2014
24489
2022
2060
2060
2090
2031
2350
2287
2231
2175
2052
1915
2019
2074
2780
2780
2000
2687
2687
2103
2100
2514
2514
2402
2273
24876
2103
2545
1952
3418
2411
2411
1941
2062
1983
2292
2056
1582
2084
2133
2070
2342
2369
1894
2039
25407
2620
2046
25201
1970
23799
2085
4564
2055
2170
2002
2676
2676
2009
3551
2021
2712
2636
2604
2091
2587
1889
2541
2005
25770
2192
26156
2485
24691
2250
1950
1950
2186
3617
3617
4241
4241
2501
2501
2464
2752
4193
2522
2019
5284
2095
26215
24692
1892
2552
2626
2593
2247
2193
2325
2286
2495
1996
2506
2002
2816
1912
36116
2305
1962
1856
2166
1642
561
3041
3041
2188
2188
2713
2096
2061
2099
4007
4007
2921
2921
3424
1876
2144
1964
2069
2114
24407
2007
2213
2077
2077
2592
2044
2209
2026
1940
2341
2375
1851
31794
4313
4313
2496
24464
1957
2139
2264
2222
2301
1889
2503
2332
1986
2532
2470
2216
2216
30775
2132
2024
2687
2687
2406
2406
2089
2016
1947
1947
1998
3142
3142
3666
2200
2225
2225
2722
2722
1978
26707
2069
25298
1978
2016
24022
2351
36438
2577
2577
43006
1965
2093
2125
25386
3110
3110
27564
1971
24874
2120
2021
2257
2053
2071
2071
2576
25902
1965
2587
2494
2494
1946
2079
2387
2387
24967
2168
2151
2165
2898
2898
2228
1977
2191
2155
1992
1948
1948
1996
23979
5287
2827
1547
2105
839
2206
1895
1850
1850
2107
2107
2073
1999
29524
2706
2086
2106
2124
1898
2111
2400
1808
2119
27073
2468
2039
1855
2050
32833
2261
2106
1984
1866
1866
1998
2521
2521
2276
25272
2060
2685
2660
2591
2103
2135
1903
2461
2420
40230
2892
2558
2558
3088
2640
2484
2484
2148
1866
1866
2300
24243
2704
2704
2491
2491
2763
2070
2980
2620
2620
25213
2013
2236
2315
2618
2151
2621
2505
2505
2365
2723
2723
2233
1995
1004
2260
2087
2473
2113
2260
1943
2726
1965
30902
2096
4597
4182
4182
4392
39513
1893
1893
2671
2001
2739
1952
5609
2385
2532
3114
2433
2526
26989
2954
2165
2878
23966
25390
2451
2133
2176
2176
23445
1055
34609
2499
2326
1918
24452
2933
2298
2040
2285
1989
1941
2786
2311
25484
25914
2084
2557
2399
3281
2609
3982
2020
1976
1997
2012
2061
2623
2608
2136
2585
2940
2940
2215
1827
2148
28153
2235
2414
2136
2219
25674
2189
2429
2104
2106
2106
1805
2710
2227
1795
2911
2949
26325
2609
2296
2296
2262
2356
2356
1622
2076
2284
2202
1891
1891
2620
1875
2083
1621
871
2547
2547
2854
2633
2148
2175
2425
3124
3124
3124
2411
2214
1981
36209
2479
4217
29664
3463
2311
27249
2049
2660
2754
2170
2492
2541
2541
1967
2014
2565
3088
3088
4164
27790
2068
2437
2639
1944
2631
26886
3095
2554
1918
2931
2695
2449
3129
2162
2236
1799
1944
3127
2571
2750
29032
2076
2557
2181
25572
2619
2291
2961
25283
2522
2402
2499
2135
2508
2508
2497
2262
2342
31195
2732
2260
2487
2874
2874
2363
2363
3050
2252
2709
2709
2713
2145
2740
2292
2058
26137
2507
2000
2369
2006
2113
2102
28281
25015
2097
2104
2555
2290
24306
2771
2671
2671
2148
2375
1940
2020
1936
3078
4719
27626
2461
2461
2130
3160
2070
2683
2548
3154
1815
2763
2763
2423
2423
2100
2172
2243
1997
2374
24468
21004
2302
26163
2177
2013
2469
2673
1992
2325
2697
2697
2706
2706
2219
1539
2072
836
2499
2580
2136
32543
2392
2046
2011
2089
2211
2742
2721
2721
26478
2833
12009
10009
3999
3454
3950
3066
40725
2077
26078
2121
2084
2636
2026
2087
2723
26356
2561
1744
2251
2213
2029
3027
25243
3038
3038
2168
2027
2178
2515
2132
2046
1935
2504
25248
2303
2231
3003
2169
2037
2585
2729
2485
2975
29640
2426
2175
39623
2781
2733
4554
1890
2016
2953
2223
25374
2029
2890
2128
2633
3066
2610
2987
2379
4323
3362
2471
4608
2287
2843
2475
1991
25109
3014
3014
2441
24938
26357
2826
1976
2482
2923
2924
2924
3453
2617
2959
2104
2648
2515
2672
2156
2325
2449
2568
2464
2054
1955
1955
2477
2691
2397
2100
2319
2319
2278
2358
2599
2570
2690
2825
2495
2333
1959
2322
2244
2523
25941
25108
2834
2834
2134
2200
1932
25930
2259
2302
3082
2680
2122
2236
1979
2426
1989
1947
24833
2170
2218
2218
2340
2594
2148
2283
1906
1568
1568
25459
2327
2018
2617
2570
2015
24322
26573
4160
5080
2227
2310
2195
2381
27164
1927
2086
2010
2619
2395
2075
3612
3173
28886
2374
2149
2568
2626
2366
27049
2024
2263
2263
2797
26319
31677
2372
2165
2165
25600
2450
2075
2465
2427
2723
2180
2155
2033
2157
2210
2315
2315
2696
2562
2091
2134
2326
2142
2626
1967
1774
2052
2047
1730
2065
2528
2722
2801
2368
2271
2720
2211
2302
2549
1977
2064
2091
1968
2077
2150
2190
2016
1954
1900
24696
2276
1985
2420
24859
2156
2129
2625
2364
27505
2665
2226
2199
2091
2087
4549
2287
2076
2135
2666
2592
25454
2209
2186
29995
2569
2550
2084
2260
78065
21463
2435
24998
2256
2681
2167
24275
2400
28805
3206
2520
2507
2188
2054
2486
2133
4178
3214
2935
2350
2525
2153
2376
2156
2634
1997
2507
2412
2311
2152
27869
2396
2454
2090
2771
2151
2150
2775
2115
1592
2629
25300
2226
2094
2698
2087
2154
2421
2161
2161
2218
2596
2006
2103
2096
25373
1738
2435
2038
4252
4252
2809
2809
1745
2395
3512
2345
2271
2271
1811
2664
27321
2150
2179
3649
2209
